     -57.8382     131.9764 
    -58.7288    -133.1294 
    -56.4459     -27.6901 
    -54.7182      48.4363 
    -53.4603      71.8260 
    -52.5103     149.0245 
    -56.4418     160.0005 
    -51.7813    -132.5219 
    -57.1205    -133.7038 
    -53.6491     -63.0612 
    -55.2485     -50.1196 
    -51.9162      -7.6107 
    -54.5260      24.9780 
    -51.4940      48.5734 
    -51.5581      70.6841 
    -50.2694      71.3519 
    -50.6830      98.2253 
    -47.9449      81.1701 
    -49.2561      81.9523 
    -47.0351      75.3303 
    -50.0101      61.9641 
    -49.4797      66.0444 
    -50.9033      12.9043 
    -59.5447      -8.4861 
    -53.0276      -9.8716 
    -56.0547     -93.2188 
    -73.9081     139.4017 
    -55.3190    -105.7800 
    -50.5803     163.0559 
    -55.3484      98.8077 
    -56.1095      84.2331 
    -52.4535      16.5667 
    -51.2455     -90.5703 
    -51.6907    -176.5208 
    -54.7089     117.6061 
    -66.7777    -103.4704 
    -60.6792      17.6100 
    -54.0859      77.3597 
    -52.1683     161.0949 
    -55.6467    -148.4723 
    -51.5845     -97.5319 
    -55.4275     -26.1001 
    -51.6360     -23.6807 
    -54.9526      34.4940 
    -53.2409      47.8468 
    -54.4366      96.9936 
    -53.7846     117.8904 
    -52.2988     152.7796 
    -52.9483     165.7035 
    -52.0325    -154.2794 
    -57.8039    -116.8861 
    -50.0041    -110.1541 
    -58.2859    -132.2878 
    -51.5836    -122.8547 
    -51.0862    -159.9496 
    -53.4129    -157.2877 
    -49.4075    -170.3171 
    -52.2396     141.7286 
    -56.6914     127.5927 
    -54.3360      86.0783 
    -61.5546      41.2946 
    -63.1595      45.7701 
    -57.0696     -21.8830 
    -61.7523     -91.6838 
    -63.7088    -126.8849 
    -52.9611    -177.1359 
    -51.9353      95.4966 
    -54.7294      17.0639 
    -57.1253     -78.8371 
    -55.8985    -144.1953 
    -61.5431      28.8596 
    -58.4826     128.5789 
    -55.6975    -166.5600 
    -52.9144    -100.9851 
    -56.2284     -10.2630 
    -58.2575      11.5110 
    -53.0781      74.4790 
    -57.1677      89.8235 
    -51.7401     142.8227 
    -56.2975     173.9523 
    -51.8721    -145.3019 
    -55.5405    -106.8169 
    -53.4713     -91.3363 
    -54.1030     -35.4437 
    -53.6619     -20.1591 
    -50.5157      27.3182 
    -52.5111      11.0117 
    -55.5114      32.0779 
    -53.9323       9.2780 
    -61.3650      -6.0265 
    -57.5298     -13.2723 
    -56.2183     -52.8452 
    -60.1030    -105.7178 
    -70.3770    -171.3629 
    -62.9017    -141.9322 
    -59.7783     156.6029 
    -63.1626     143.4193 
    -57.6903     113.8882 
    -61.7282      65.2808 
    -56.6619     -23.0872 
    -54.9591     -73.2539 
    -52.8111    -141.1559 
    -54.7477     150.9663 
    -55.5821      63.7006 
    -53.3000     -31.4494 
    -55.4741     139.2917 
    -54.5743    -131.0940 
    -54.8028     -62.3923 
    -54.5229     -10.3496 
    -54.1393      72.1812 
    -57.1683     146.0887 
    -53.8663     154.2901 
    -56.3193    -121.2940 
    -52.7678    -145.0750 
    -58.8335     -48.4950 
    -53.9612     -55.0953 
    -56.2605       3.6661 
    -64.5170      75.5541 
    -54.7120     131.2117 
    -52.5935     162.8381 
    -48.6824     168.1435 
    -47.4992    -171.2074 
    -47.0911    -178.5475 
    -48.1524    -166.6472 
    -48.6056    -170.2618 
    -49.7175     167.2018 
    -56.3606     135.4684 
    -62.9731     163.1328 
    -55.6313     148.9158 
    -61.0998      70.5865 
    -58.7172     157.2241 
    -63.3714      61.9672 
    -62.1918    -100.5204 
    -61.3303     171.3329 
    -62.7271     122.2750 
    -64.5701      48.1152 
    -56.7467     -14.7435 
    -52.5983     -97.4238 
    -53.2041    -174.3958 
    -53.7623      87.5596 
    -55.4926    -141.6260 
    -53.8434      -6.0904 
    -53.3695      49.3730 
    -53.2733     143.7494 
    -55.2514    -151.5828 
    -52.6938     -88.0831 
    -62.9299     -73.0676 
    -56.2945     -34.8814 
    -56.5752     -81.5235 
    -57.9445      23.3243 
    -59.1614     -25.1682 
    -63.4371     -35.8118 
    -57.7103     -65.1536 
    -52.2089     -56.9573 
    -49.9189     -55.6567 
    -47.6779     -40.1706 
    -45.4128     -50.4804 
    -45.5934     -45.9452 
    -44.5371     -50.8366 
    -45.3201     -57.2948 
    -45.7089     -70.6728 
    -51.0071     -85.6445 
    -49.5454     -86.8448 
    -49.8066    -130.0556 
    -53.9461    -121.0384 
    -50.2977    -142.8511 
    -54.1592     140.1635 
    -63.7881     -31.5342 
    -74.2521    -156.2142 
    -56.0621     -32.2547 
    -56.8676    -177.8080 
    -53.8852      80.1470 
    -51.6265       5.4850 
    -53.2270     -62.8783 
    -59.7589    -153.3763 
    -56.0451     -60.7299 
    -54.9998      75.5546 
    -58.5092     152.2144 
    -52.7783     -90.9065 
    -57.8387     -20.5351 
    -54.4037      28.3943 
    -63.6445     115.9849 
    -62.8729      31.6441 
    -58.4175     -25.0583 
    -57.8400      21.4606 
    -53.3158      41.5137 
    -53.2926      37.7559 
    -52.1239      57.7494 
    -46.2371      55.6216 
    -46.3136      71.0117 
    -43.3652      79.8922 
    -45.8647      76.5957 
    -44.1163      90.7461 
    -44.6728      68.2980 
    -43.9421      68.2028 
    -44.3324      43.6434 
    -46.7603      38.4419 
    -45.6585      15.0855 
    -47.7655     -25.4173 
    -49.2275     -16.8346 
    -46.0675     -58.8789 
    -51.8073    -105.0705 
    -54.6851     -91.7899 
    -55.6068    -176.2530 
    -63.2760      35.7958 
    -56.4277     -71.9497 
    -57.2439    -163.5979 
    -52.7181     119.2550 
    -48.9305      37.9666 
    -52.3868     -58.5401 
    -59.3312      46.6701 
    -54.4542     178.7421 
    -58.3675     -90.8546 
    -52.0551      -1.8015 
    -53.8516      80.9119 
    -54.4439     153.0513 
    -60.2971    -109.6227 
    -56.8789     -12.8400 
    -52.1753      54.1928 
    -49.9582      90.8574 
    -48.2657     123.7691 
    -46.9900     132.6743 
    -44.5181     172.5831 
    -43.0524     167.6423 
    -41.9978    -163.1554 
    -41.3958    -170.3972 
    -42.5436    -149.2638 
    -42.1973    -160.7403 
    -44.3035    -169.2292 
    -43.1891     174.8828 
    -46.2783     149.0604 
    -45.9253     151.7891 
    -45.6209     112.7022 
    -49.1384      93.5580 
    -45.3284      70.6989 
    -46.8684      22.2633 
    -50.2704      20.6517 
    -46.3079     -19.5430 
    -51.4970     -93.9979 
    -65.6501     126.6577 
    -58.2668     127.9343 
    -59.6132     -38.1039 
    -49.3828    -155.5462 
    -48.2011     124.3539 
    -50.7103      53.7492 
    -58.8728     160.2763 
    -57.1975     -55.4835 
    -53.0123      29.5683 
    -50.0682     108.3671 
    -52.4650    -167.1704 
    -50.1764     -97.8141 
    -54.0996      38.0255 
    -52.2453      66.8811 
    -47.5250     156.0589 
    -48.6299     163.5854 
    -45.3233    -143.0621 
    -46.2919    -131.6837 
    -42.0175     -92.7001 
    -44.0441     -79.5919 
    -40.6576     -52.9497 
    -42.9459     -45.0572 
    -40.2641     -20.5800 
    -42.2439     -24.8144 
    -42.8287     -17.6963 
    -44.0025     -46.9542 
    -50.1580     -43.6088 
    -46.1818     -84.1250 
    -49.6659    -125.6609 
    -50.3392    -144.4470 
    -46.5408     160.6947 
    -49.0957     112.7905 
    -46.6177     103.8205 
    -44.1917      53.0151 
    -47.9631       7.5191 
    -49.0952     -37.4032 
    -52.2377    -128.7535 
    -54.7027      62.9719 
    -50.6453     -62.2863 
    -49.1312    -150.1905 
    -51.0420     171.3896 
    -58.5460     -96.4917 
    -54.7873      53.8304 
    -51.2825     111.9821 
    -49.4086    -149.7185 
    -53.8266     -49.9449 
    -50.9415      -7.7156 
    -49.6716     124.6610 
    -53.9071     166.4844 
    -44.9005    -118.3415 
    -48.4756     -92.7549 
    -43.2838     -47.8035 
    -45.6678     -17.3155 
    -41.2523       3.7218 
    -43.6462      35.5194 
    -41.1956      43.5208 
    -42.9297      75.3581 
    -40.3871      77.9352 
    -41.4840      89.8379 
    -40.2824      85.4992 
    -42.8979      83.6976 
    -44.3369      83.1146 
    -46.7152      41.8819 
    -48.8357      26.1780 
    -49.3545     -22.6150 
    -57.4493     -79.6345 
    -51.9901     -88.4988 
    -46.1318    -161.4087 
    -45.5400     135.4144 
    -45.7463     118.3689 
    -44.5078      54.6267 
    -50.3326     -54.4887 
    -60.2404     150.5316 
    -52.8269      -7.0113 
    -51.8106     -60.2635 
    -48.3027    -114.1151 
    -57.5009      49.3703 
    -50.0561     133.5731 
    -49.9539    -160.5777 
    -47.3154     -57.8970 
    -51.0356      57.1310 
    -51.4075     100.8296 
    -44.7695    -141.0925 
    -50.1869     -68.5746 
    -43.7756     -30.5123 
    -48.6340      42.9812 
    -44.5645      49.4508 
    -44.7489     104.7581 
    -42.6926     113.3515 
    -40.2776     155.7069 
    -40.8689     168.8670 
    -38.7484    -160.4193 
    -38.9948    -155.0546 
    -37.7328    -145.1253 
    -38.2530    -152.0314 
    -38.7391    -146.6844 
    -38.3739    -167.9316 
    -42.5773     174.4791 
    -43.0000     146.6492 
    -48.0549     107.7526 
    -51.2106     103.6509 
    -48.5434      43.6566 
    -51.0977     -82.8095 
    -48.3875    -135.7495 
    -42.1019    -165.7924 
    -41.6908     122.2729 
    -46.9254      49.6745 
    -56.3290      38.5544 
    -58.6725      -8.1183 
    -54.7030      48.6987 
    -46.5492     -26.9318 
    -52.7691     142.5307 
    -49.9237    -129.2050 
    -51.0188     -60.5269 
    -46.8744      34.3521 
    -47.3665     153.2061 
    -51.2106    -139.4394 
    -43.9684     -52.5260 
    -45.7875      41.9073 
    -45.5768      59.1354 
    -45.2882     147.5250 
    -48.3140     164.0084 
    -43.4308    -130.7677 
    -44.7432     -98.8194 
    -40.0413     -83.2295 
    -40.0865     -51.9025 
    -37.1981     -44.2306 
    -38.0599     -33.4609 
    -37.1383     -36.9549 
    -38.1030     -43.3244 
    -37.0087     -51.3095 
    -37.5126     -71.6851 
    -39.3666     -79.6656 
    -39.5469    -109.2874 
    -42.6798    -137.2858 
    -43.0134    -162.6465 
    -44.5727     148.4627 
    -51.6458     109.1954 
    -47.3945       6.4548 
    -40.8989     -83.1801 
    -40.1520    -160.5641 
    -46.4388     152.9295 
    -48.3387     106.2080 
    -52.4283      14.1564 
    -53.1677     158.3507 
    -48.3777      28.1332 
    -48.8963    -150.3932 
    -50.9460     -32.3217 
    -53.1838      33.6531 
    -46.4034     135.4547 
    -43.6237    -115.4517 
    -44.7696     -36.5950 
    -42.2424      32.2802 
    -43.4089     117.4927 
    -46.5240     172.7427 
    -43.2051    -121.3196 
    -45.5593     -57.1797 
    -42.2355     -31.7500 
    -40.5955       0.4691 
    -37.4105       8.0623 
    -34.6442      36.6340 
    -33.0341      48.0342 
    -32.9945      58.5975 
    -32.5924      61.1757 
    -33.2933      57.8191 
    -33.0770      41.6193 
    -34.9699      20.9294 
    -36.1534       2.2698 
    -38.7990     -27.6675 
    -40.5660     -44.1926 
    -40.6994     -77.3530 
    -40.7263    -118.5610 
    -41.7583    -150.4226 
    -44.1070     129.2024 
    -43.9219      -3.1478 
    -41.5379     -79.7039 
    -42.0150    -126.0784 
    -43.4207     169.9611 
    -50.0028      76.6164 
    -56.7461    -126.3444 
    -49.6191      95.2370 
    -49.2912     -77.4199 
    -49.3424      50.3003 
    -51.7614     135.0598 
    -45.1860    -131.8079 
    -42.0164     -34.5238 
    -41.9757      48.4642 
    -41.2722     120.9293 
    -41.6656    -164.2882 
    -42.7935     -86.7078 
    -41.7847     -35.2519 
    -39.6890      22.7539 
    -38.1560      47.9569 
    -34.8806      83.5766 
    -33.4790     108.8018 
    -30.9862     132.1500 
    -30.4517     146.9762 
    -29.9589     155.6810 
    -30.3912     159.5054 
    -31.1920     154.3693 
    -32.1917     136.8279 
    -33.8657     120.6601 
    -33.9782      93.4876 
    -35.7359      62.5855 
    -37.0948      33.2298 
    -37.8249       0.9624 
    -37.6282     -29.6682 
    -37.7128     -76.8973 
    -41.2290    -142.6978 
    -47.1931     100.4510 
    -43.1936       7.4107 
    -39.5302     -50.8552 
    -40.9925    -123.1594 
    -48.4117     142.8383 
    -77.4972     -55.5679 
    -64.7070     114.2024 
    -52.6709     -11.2007 
    -46.6381     131.7362 
    -46.6144    -120.3605 
    -42.2446     -48.6597 
    -39.5891      38.1464 
    -39.4779     123.8704 
    -39.7074    -155.0759 
    -39.7228     -73.7318 
    -37.5728       4.0501 
    -37.3254      59.0388 
    -34.4838     107.5741 
    -34.1171     143.7852 
    -31.9922     171.3529 
    -31.4948    -165.4002 
    -29.7497    -147.5639 
    -29.3499    -132.3286 
    -28.4691    -122.6112 
    -28.6897    -120.1454 
    -28.9596    -126.3335 
    -30.1151    -139.0567 
    -31.6019    -156.2043 
    -33.3913     175.6851 
    -35.4028     153.0317 
    -36.0821     123.9730 
    -35.2924      86.5219 
    -35.4811      43.5711 
    -35.3679      -6.3408 
    -36.6063     -61.9607 
    -41.3321    -130.0462 
    -42.7103     104.9920 
    -38.4479      10.9965 
    -39.1339     -59.3277 
    -45.1870    -134.5768 
    -55.3443     146.5764 
    -54.7547      49.4196 
    -50.3194      97.1672 
    -45.2860    -146.3782 
    -43.5720     -45.4493 
    -40.5327      29.3730 
    -38.6837     114.1156 
    -38.6664    -160.7540 
    -38.4917     -76.2645 
    -37.9662      15.1573 
    -35.2754      88.1960 
    -34.3204     152.9397 
    -32.7794    -169.4507 
    -33.0560    -133.9809 
    -30.8578    -115.3842 
    -30.1042     -91.9462 
    -28.2004     -73.6512 
    -27.6706     -56.6083 
    -26.7084     -44.6732 
    -26.8893     -40.8038 
    -27.1123     -44.2911 
    -28.3354     -54.5306 
    -30.1816     -71.5708 
    -32.1698    -102.9753 
    -34.8832    -134.0895 
    -36.4507    -160.7002 
    -34.6869     168.6733 
    -33.6433     118.9172 
    -33.0640      64.1484 
    -33.9836      11.5562 
    -37.8951     -53.8342 
    -41.4024    -163.6556 
    -37.5604      77.5601 
    -38.2861       5.8185 
    -43.2630     -56.7518 
    -47.0794    -137.7728 
    -47.4724     106.3093 
    -46.4626    -164.9195 
    -44.9114     -73.7889 
    -40.9976       8.3702 
    -39.2204      97.0814 
    -38.5602     176.3403 
    -37.6382     -94.3751 
    -36.2866       2.4148 
    -35.0922      90.1714 
    -32.9190     161.2279 
    -32.9046    -136.0819 
    -32.1529    -104.1838 
    -31.5722     -66.6749 
    -29.3692     -46.2686 
    -28.4177     -17.7954 
    -26.9078       1.8742 
    -26.4707      22.8302 
    -25.8779      34.2346 
    -26.0319      38.0347 
    -26.1098      34.2896 
    -26.9494      26.0302 
    -28.4284       9.2649 
    -30.6131     -16.8164 
    -32.7222     -48.1452 
    -34.3608     -82.4374 
    -34.0747    -121.5996 
    -33.0612    -169.2638 
    -31.6216     134.5763 
    -31.7996      73.1447 
    -33.3856       6.3280 
    -38.9096     -82.2300 
    -39.7301     148.7871 
    -38.1847      70.6863 
    -40.3034      14.0253 
    -44.7870     -69.9623 
    -46.2571     168.8741 
    -45.2891     -98.3153 
    -43.7367     -20.4232 
    -38.8597      61.2534 
    -38.3503     162.3125 
    -37.4843    -125.0480 
    -35.6437     -24.1364 
    -34.4718      76.2029 
    -32.7212     158.5550 
    -31.0750    -134.0992 
    -31.3522     -77.7484 
    -30.0691     -43.1834 
    -29.8239       1.4710 
    -28.8171      25.2496 
    -28.0330      56.3565 
    -26.6989      77.2711 
    -25.5912      99.8884 
    -24.8617     109.3393 
    -24.6393     115.3439 
    -24.5797     111.5262 
    -25.7011     103.8647 
    -27.3907      87.6446 
    -29.7891      65.7608 
    -31.9920      41.2179 
    -33.4813       2.9294 
    -33.6265     -47.8591 
    -31.8925    -103.8541 
    -30.5227    -161.5678 
    -29.5140     136.2697 
    -31.1424      69.9033 
    -36.7149     -14.2571 
    -40.9691    -146.5572 
    -38.1697     131.5734 
    -40.1444      71.4288 
    -43.4382     -14.1572 
    -47.8900    -131.0194 
    -42.7906     -46.5197 
    -41.0526      29.9962 
    -37.5261     118.7644 
    -37.5164    -140.8719 
    -36.2874     -62.0127 
    -34.0123      42.6642 
    -32.5933     138.2063 
    -30.7179    -145.8049 
    -28.9670     -78.7512 
    -28.8711     -20.1964 
    -28.4832      24.2317 
    -28.9208      70.8636 
    -28.8325      95.3460 
    -27.4350     128.6397 
    -25.6703     152.9231 
    -23.7216     176.0979 
    -22.7106    -173.5155 
    -22.4348    -166.9117 
    -22.7973    -170.9465 
    -23.7982     178.5169 
    -25.4940     160.7183 
    -28.4897     140.1997 
    -31.1972     119.3289 
    -32.8736      86.8988 
    -33.5781      24.6554 
    -31.4139     -35.4172 
    -29.3956    -102.4826 
    -28.9039    -168.2760 
    -29.7817     123.7281 
    -33.7941      47.2031 
    -41.8041     -69.4903 
    -39.6882    -171.5765 
    -38.4994     113.3912 
    -42.6196      50.9185 
    -48.3671     -64.1475 
    -42.2636       2.8062 
    -39.9378      81.3761 
    -36.5471     178.0945 
    -37.2241     -85.8263 
    -35.1049      -1.7321 
    -33.1623      96.1022 
    -31.1906    -173.3711 
    -29.0978     -98.1137 
    -27.2583     -27.6983 
    -27.1336      36.7065 
    -28.0201      87.9945 
    -28.2925     134.2326 
    -28.3022     163.6937 
    -26.3239    -163.8070 
    -24.0229    -136.0123 
    -21.7506    -114.0031 
    -20.5531    -102.8550 
    -19.9796     -98.6964 
    -20.7200    -104.2822 
    -21.6899    -117.1726 
    -23.6258    -135.8620 
    -26.1157    -159.3107 
    -28.3501     179.0972 
    -30.2821     146.7276 
    -31.0354      89.1028 
    -29.9837      18.0083 
    -27.6959     -53.4297 
    -27.2212    -123.6182 
    -28.2555     168.2423 
    -32.3588     100.7408 
    -39.2367      -5.8506 
    -39.7182    -129.3794 
    -36.7325     163.6029 
    -42.0091      89.2078 
    -49.2148       8.6812 
    -40.9525      34.9844 
    -38.6347     123.8102 
    -36.9071    -135.9471 
    -36.0321     -43.3763 
    -34.3355      44.0838 
    -31.7814     135.8614 
    -29.2381    -135.7193 
    -27.2799     -57.1680 
    -25.8147      15.9811 
    -26.1905      86.0186 
    -27.0541     141.2174 
    -27.2954    -171.9144 
    -26.2994    -135.1410 
    -24.1015    -102.5543 
    -21.7983     -74.7329 
    -19.7497     -55.3054 
    -18.5694     -45.2118 
    -17.9200     -42.9181 
    -18.5229     -49.0391 
    -19.4142     -62.8021 
    -21.0984     -80.7703 
    -22.9296    -103.8224 
    -25.0430    -127.5015 
    -26.7677    -158.4497 
    -28.1718     148.6752 
    -27.6508      75.0956 
    -25.8654      -3.6087 
    -25.5525     -77.7382 
    -26.5909    -150.0955 
    -30.5694     136.9357 
    -36.0050      51.0223 
    -39.3364     -89.7122 
    -37.3473    -155.5029 
    -38.4025     131.1858 
    -46.5166      47.6318 
    -39.0751      72.9467 
    -36.8342     165.8490 
    -36.1348    -103.4039 
    -34.1726      -5.6551 
    -33.0748      78.2913 
    -29.7586     167.8730 
    -27.0748    -100.8256 
    -25.3312     -20.4768 
    -24.3510      55.2843 
    -24.8281     127.0836 
    -25.7336    -173.2871 
    -25.3559    -125.1742 
    -23.6698     -83.6332 
    -21.7720     -52.1795 
    -19.6026     -28.5210 
    -17.8245     -12.8072 
    -16.5407      -3.3997 
    -15.9597      -2.0742 
    -16.5172      -7.5756 
    -17.4349     -20.0089 
    -19.1143     -35.0703 
    -20.4602     -53.6644 
    -22.0627     -79.5546 
    -23.8904    -112.1662 
    -25.7950    -162.4457 
    -26.4237     124.1916 
    -24.9129      38.2488 
    -24.0621     -42.0341 
    -24.6433    -114.0555 
    -27.8954     168.0981 
    -33.9921      88.0743 
    -36.4705     -52.8047 
    -36.6375    -128.3783 
    -36.4194     174.8126 
    -42.1965      80.1450 
    -37.9193      95.6586 
    -35.5741    -163.6999 
    -34.9131     -70.8452 
    -32.7386      24.8308 
    -30.9807     105.6191 
    -27.7711    -162.9273 
    -25.5780     -72.3389 
    -23.8228       9.4921 
    -23.0714      88.1400 
    -23.4064     158.3917 
    -23.7491    -140.1165 
    -23.0404     -87.5696 
    -21.4934     -43.6910 
    -20.2549     -15.1612 
    -17.8151       2.6612 
    -15.7222      17.5613 
    -14.2665      27.6844 
    -13.7308      29.9547 
    -14.4007      25.4353 
    -15.5808      12.6478 
    -17.8181      -1.5923 
    -19.4399     -17.1568 
    -20.5038     -41.3964 
    -21.7457     -77.0955 
    -23.8526    -127.7326 
    -24.9441     160.4678 
    -23.9230      73.8163 
    -22.8817      -6.1127 
    -23.7524     -79.9433 
    -25.7121    -160.4893 
    -31.2334     117.1595 
    -34.7801      -8.3701 
    -34.9140    -109.0573 
    -35.6062    -155.8284 
    -38.1171     102.9481 
    -36.1220     112.0992 
    -34.5283    -137.2650 
    -33.4472     -49.9593 
    -31.6881      46.3983 
    -28.9064     130.2872 
    -26.3086    -136.9803 
    -24.2669     -49.2440 
    -22.5056      34.2807 
    -21.9523     114.4476 
    -22.0554    -176.9611 
    -21.5551    -113.0361 
    -20.8615     -56.8676 
    -19.9505     -14.2860 
    -18.6745       9.8093 
    -15.9781      25.3907 
    -13.5366      41.8153 
    -12.2215      52.4479 
    -11.8247      55.5887 
    -12.4490      50.7759 
    -13.8658      37.9960 
    -16.1485      20.6784 
    -18.4889       4.4601 
    -19.3063     -16.9371 
    -19.9121     -52.4755 
    -22.1039    -105.2427 
    -23.6215    -174.4935 
    -23.1573      99.8951 
    -22.1391      17.2562 
    -22.6943     -58.7523 
    -24.7418    -135.5715 
    -29.2492     139.4248 
    -33.5491      19.2403 
    -31.8680     -83.4196 
    -34.9665    -137.0327 
    -35.6545     132.0145 
    -34.2991     126.1345 
    -34.1676    -123.5634 
    -32.8958     -32.3861 
    -30.9396      59.4996 
    -27.3682     148.8293 
    -25.3123    -121.4328 
    -22.9905     -34.4941 
    -21.4921      51.4050 
    -21.1325     130.8991 
    -20.6061    -159.4025 
    -20.1323     -94.3655 
    -19.5587     -36.8925 
    -18.7466       3.3135 
    -17.2621      25.4288 
    -14.1310      42.1063 
    -12.0275      59.6758 
    -10.9005      70.1131 
    -10.5818      73.2017 
    -11.1476      68.6445 
    -12.1958      56.6442 
    -14.3803      37.7234 
    -17.0175      19.0669 
    -18.2114       0.5613 
    -18.7270     -34.1843 
    -20.3783     -88.0169 
    -22.3163    -158.9784 
    -22.1627     118.7460 
    -21.0570      38.1399 
    -21.5961     -39.6889 
    -24.0308    -117.3783 
    -28.0809     157.9967 
    -32.9724      44.8205 
    -30.9924     -59.0306 
    -33.8053    -129.0083 
    -34.6465     145.6749 
    -33.6557     137.0420 
    -33.0863    -111.7962 
    -32.1816     -23.2872 
    -30.0731      68.8017 
    -26.7378     160.8638 
    -24.6980    -110.8482 
    -22.3056     -23.6805 
    -21.0413      62.2959 
    -20.1223     142.0233 
    -19.5839    -145.9011 
    -19.0331     -81.1693 
    -18.7199     -24.2869 
    -18.2065      14.1351 
    -16.4334      35.7795 
    -13.1960      53.9165 
    -10.9460      70.9624 
     -9.8214      80.7838 
     -9.4829      83.9588 
    -10.2187      79.3722 
    -11.4098      68.3139 
    -13.4394      49.4682 
    -15.9735      28.0352 
    -17.4803      10.7552 
    -17.7884     -23.4016 
    -19.4803     -76.3762 
    -21.4020    -148.1019 
    -21.6677     127.7101 
    -21.0354      48.5924 
    -21.1120     -29.2773 
    -23.7894    -108.6334 
    -27.6940     168.8836 
    -32.7997      52.8543 
    -30.2996     -46.9934 
    -32.9587    -120.0038 
    -34.1821     156.0482 
    -33.2486     137.4716 
    -34.1929    -110.3076 
    -32.1776     -20.0482 
    -30.2019      71.8262 
    -26.5083     164.3440 
    -24.2274    -108.9488 
    -21.9149     -20.5155 
    -20.8517      65.6997 
    -19.9505     144.8704 
    -19.2719    -141.6287 
    -18.8295     -77.2450 
    -18.2236     -19.8539 
    -17.9603      17.8180 
    -16.0325      39.7646 
    -13.0745      58.4887 
    -10.8958      75.3626 
     -9.6270      85.1712 
     -9.2890      88.6116 
     -9.6951      83.9451 
    -10.9485      73.1552 
    -12.8142      54.3628 
    -15.7701      32.5466 
    -17.4230      14.8372 
    -17.8259     -19.1606 
    -19.0787     -73.0862 
    -20.8196    -145.0178 
    -21.1212     132.3316 
    -20.6924      54.7474 
    -21.2187     -23.7839 
    -23.9897    -102.9840 
    -27.9888     171.8021 
    -32.5686      57.5185 
    -30.2667     -39.4508 
    -31.9644    -115.0838 
    -34.3037     158.6490 
    -33.7606     137.9971 
    -33.8428    -112.4131 
    -31.9234     -23.0730 
    -30.4124      70.0349 
    -26.7835     161.0965 
    -24.2890    -110.8698 
    -22.2783     -22.9132 
    -21.1781      62.2098 
    -20.0823     141.6768 
    -19.2803    -143.8734 
    -18.8901     -79.5236 
    -18.4049     -20.9760 
    -18.5077      16.8774 
    -16.7881      37.5051 
    -13.7287      55.7679 
    -11.2040      72.9909 
     -9.8029      83.2646 
     -9.5703      86.9409 
    -10.0708      81.7602 
    -11.3584      70.9702 
    -13.1910      51.3328 
    -16.1456      30.0165 
    -17.7258      12.5534 
    -18.1450     -21.2973 
    -19.5108     -76.5848 
    -21.2623    -150.2572 
    -21.5561     129.1711 
    -21.2126      51.1926 
    -21.6027     -27.3234 
    -24.3756    -105.9927 
    -28.3171     165.2338 
    -32.3363      48.9493 
    -30.3599     -44.8461 
    -32.2891    -111.9224 
    -34.9806     157.1795 
    -34.0540     125.8497 
    -34.1909    -126.1575 
    -33.2063     -31.8440 
    -31.3118      61.4259 
    -27.4070     149.2236 
    -24.7573    -120.4904 
    -22.8578     -33.9525 
    -21.4982      50.7212 
    -20.7013     131.2699 
    -20.0841    -155.4516 
    -19.6937     -90.6791 
    -19.2103     -30.4326 
    -19.4241       9.2722 
    -18.0199      29.8029 
    -14.8793      45.7850 
    -12.2725      63.1757 
    -10.8545      74.5885 
    -10.6319      78.4286 
    -11.0777      73.7443 
    -12.1917      61.9624 
    -14.0756      42.3043 
    -17.0649      22.3132 
    -18.4587       4.8770 
    -19.1138     -31.0662 
    -20.5191     -88.2380 
    -22.2174    -162.1109 
    -22.2328     122.4014 
    -21.6052      44.0594 
    -22.2060     -33.1771 
    -25.0123    -112.1763 
    -28.9323     152.7477 
    -32.0119      41.1372 
    -31.1169     -51.0563 
    -32.3129    -116.7954 
    -36.0757     151.6997 
    -35.0168     113.0746 
    -34.2271    -135.1954 
    -34.0644     -49.1030 
    -32.3251      49.0077 
    -28.7449     133.6445 
    -25.5404    -133.9022 
    -23.8426     -48.8695 
    -22.2679      33.8808 
    -21.7097     115.4857 
    -21.4330    -172.9144 
    -21.1837    -108.9537 
    -20.5322     -47.7467 
    -20.4637      -6.3910 
    -19.5288      16.2026 
    -16.7886      30.6153 
    -14.0670      46.9998 
    -12.5779      58.3676 
    -12.1941      62.9107 
    -12.7085      58.0387 
    -13.6044      45.9742 
    -15.8482      27.2251 
    -18.3740       8.4733 
    -19.6484     -11.0166 
    -20.6946     -50.1576 
    -22.5482    -107.4514 
    -23.4939    -179.8123 
    -23.2767     106.0859 
    -22.6853      28.1583 
    -23.3950     -48.0646 
    -25.8808    -128.1463 
    -30.0503     133.3613 
    -32.5273      24.1155 
    -32.1902     -64.4838 
    -32.9667    -120.4059 
    -37.5727     141.8351 
    -36.1524      91.4425 
    -34.7834    -156.0257 
    -36.3351     -72.3769 
    -33.5824      26.1183 
    -30.7019     111.7568 
    -26.7089    -156.4072 
    -25.0550     -70.6027 
    -23.5454       9.9379 
    -22.7326      90.6838 
    -22.9886     162.6877 
    -22.9054    -134.4278 
    -22.5474     -75.2920 
    -21.9806     -33.3238 
    -21.0280      -4.8886 
    -19.0058      10.4711 
    -16.2641      26.0733 
    -14.8896      36.5573 
    -14.1824      40.7011 
    -14.6128      36.1165 
    -15.6247      24.6780 
    -17.5141       7.2645 
    -19.8584     -12.0509 
    -21.2195     -35.5672 
    -22.8258     -77.4087 
    -25.0262    -132.7489 
    -24.6736     158.9450 
    -24.1708      84.0430 
    -23.7442       9.8196 
    -24.7629     -64.6074 
    -27.1679    -147.1387 
    -31.1125     110.5008 
    -32.9625       2.5637 
    -33.7860     -77.6276 
    -34.0094    -134.1841 
    -39.3319     129.2508 
    -37.9737      67.0600 
    -36.1992    -178.2010 
    -37.7324     -94.8965 
    -35.0193      -3.3495 
    -33.0233      85.9883 
    -28.6042     176.9344 
    -26.8080     -96.8216 
    -24.8751     -18.2400 
    -24.0381      60.5515 
    -24.4683     131.7498 
    -24.6771    -164.9212 
    -24.9838    -110.9525 
    -24.1526     -69.9245 
    -22.9187     -38.4637 
    -20.5192     -18.1860 
    -18.1992      -1.7728 
    -16.8839       6.3753 
    -16.0202      10.4597 
    -16.5077       5.2830 
    -17.4753      -4.8499 
    -19.2452     -22.9760 
    -21.1803     -45.0338 
    -23.2080     -73.5558 
    -25.3644    -113.5479 
    -27.0579    -166.7970 
    -26.0699     128.8849 
    -25.1384      54.4605 
    -25.4194     -19.0664 
    -26.3475     -91.4960 
    -29.0674    -177.8598 
    -32.8810      83.5640 
    -34.0361     -24.0867 
    -35.3090     -94.7453 
    -35.6377    -155.3899 
    -42.3373     117.2577 
    -39.5101      35.6800 
    -39.3591     141.9029 
    -39.3405    -124.7278 
    -37.9212     -38.1814 
    -34.2537      52.3731 
    -30.7980     145.5973 
    -28.6058    -132.1094 
    -26.4438     -54.1252 
    -25.6994      23.6913 
    -25.9665      91.8821 
    -26.2467     154.3644 
    -27.1460    -155.3962 
    -26.5894    -118.2774 
    -25.1422     -87.1853 
    -22.3293     -63.7837 
    -20.3178     -43.9103 
    -18.8290     -35.4331 
    -18.0679     -31.0827 
    -18.2169     -36.2660 
    -19.2344     -46.7603 
    -20.8276     -67.0412 
    -23.3869     -93.4817 
    -25.7655    -121.5670 
    -27.5687    -157.2747 
    -28.2769     151.7829 
    -27.0735      91.3536 
    -26.0301      21.6962 
    -26.9185     -50.9285 
    -28.6073    -125.0301 
    -31.2447     149.1791 
    -34.0138      51.3221 
    -34.9702     -56.1266 
    -36.4703    -116.5771 
    -38.6541    -176.7760 
    -45.6989      96.8635 
    -41.4124      -1.3095 
    -43.3389     100.5083 
    -39.5263    -163.1296 
    -40.1176     -75.1599 
    -35.2370       9.4269 
    -32.9844     106.1965 
    -30.7679    -172.9187 
    -28.2160     -93.8143 
    -27.1621     -18.3027 
    -27.2181      45.1789 
    -27.8324     104.4318 
    -29.1324     152.2935 
    -29.1371    -173.2129 
    -27.4610    -148.1311 
    -24.7034    -122.9054 
    -22.5376    -101.8952 
    -20.9432     -91.3790 
    -20.4155     -85.0130 
    -20.6622     -90.2929 
    -21.8013    -101.7646 
    -23.1368    -123.0180 
    -25.7472    -149.4739 
    -28.0513    -174.3381 
    -29.0133     149.7569 
    -28.9946      99.9441 
    -28.4468      42.9880 
    -27.7086     -20.5901 
    -28.4831     -94.0667 
    -30.4361    -168.6901 
    -33.2409     107.2479 
    -35.3469       7.1601 
    -36.2724     -86.9482 
    -37.7244    -149.4159 
    -43.0732     160.2865 
    -53.7422      53.7394 
    -42.9929     -50.3351 
    -44.8482      50.5275 
    -41.4102     138.0299 
    -41.5742    -119.5376 
    -37.3391     -44.1244 
    -34.4100      55.3829 
    -32.6773     137.0369 
    -30.1629    -142.7851 
    -29.3391     -69.1111 
    -29.2477     -10.5471 
    -29.6782      43.4576 
    -30.1861      89.5958 
    -30.3222     122.2910 
    -28.9715     146.8478 
    -26.9639     169.8630 
    -25.0983    -168.3534 
    -23.4046    -155.2980 
    -23.0969    -148.7809 
    -22.8914    -152.3738 
    -23.9790    -164.7533 
    -25.3370     176.0824 
    -27.7075     150.7881 
    -29.9940     125.6237 
    -30.4227      88.5979 
    -30.1176      40.9011 
    -30.1971     -10.7708 
    -29.7834     -68.5458 
    -30.0326    -140.0774 
    -32.4458     141.3619 
    -34.7414      56.6865 
    -36.4210     -39.8199 
    -36.9490    -123.5821 
    -40.1145     165.7817 
    -48.7836     126.5161 
    -62.3023     -95.5630 
    -44.0619    -106.9345 
    -45.6077      -3.8065 
    -43.0014      81.4669 
    -42.1621     175.4667 
    -39.3047     -97.1676 
    -36.2556      -1.9638 
    -34.4120      79.7069 
    -32.0858     164.7773 
    -31.3336    -124.5708 
    -31.0043     -67.2611 
    -31.7605     -20.9805 
    -31.2824      22.7723 
    -30.7801      51.8408 
    -30.0592      80.6725 
    -28.4278     100.3049 
    -26.6193     121.9782 
    -25.0241     134.7100 
    -24.7920     140.8115 
    -24.7290     139.1083 
    -25.8615     126.9806 
    -27.2731     109.6062 
    -28.8443      85.4143 
    -30.9598      56.4533 
    -31.5074      18.9046 
    -32.3311     -22.5548 
    -32.5642     -68.4189 
    -32.3038    -124.3005 
    -31.9476     165.9009 
    -33.6276      84.0725 
    -35.7986      -1.5870 
    -37.6561     -92.2127 
    -38.3367    -168.1970 
    -43.4915     118.0806 
    -88.9751      33.9404 
    -48.4386    -170.3917 
    -44.7315    -161.1569 
    -45.8327     -72.2792 
    -43.6610      16.7490 
    -42.1479     102.9435 
    -40.4339    -153.6413 
    -38.8201     -68.1113 
    -35.3087      16.6094 
    -33.7968     104.4114 
    -32.9385     170.9977 
    -32.1165    -129.2691 
    -32.9469     -84.2625 
    -32.9069     -48.9491 
    -31.3062     -21.6691 
    -30.4967       5.2147 
    -29.1938      25.8990 
    -28.2173      46.7924 
    -27.0389      60.4748 
    -26.7924      65.7834 
    -26.4112      64.2976 
    -27.3389      53.0595 
    -28.4538      35.5376 
    -30.0570      10.4692 
    -32.2969     -21.2762 
    -34.1680     -55.8567 
    -34.7735     -89.4512 
    -34.5056    -135.0125 
    -34.0375     168.5705 
    -33.9535     102.3070 
    -34.9367      22.3325 
    -36.8681     -63.4147 
    -38.7933    -148.6729 
    -40.7727     132.0139 
    -48.3307      51.2783 
    -54.3819    -120.8914 
    -45.6784     146.6472 
    -46.5899     138.8676 
    -45.8119    -145.9068 
    -43.9169     -48.1166 
    -41.8888      32.1560 
    -40.4569     130.0340 
    -40.8548    -141.6321 
    -37.2762     -54.6851 
    -35.5256      34.2021 
    -33.9433     101.0340 
    -33.0021     159.4339 
    -33.2504    -155.7426 
    -34.0960    -125.3234 
    -32.8967     -99.3492 
    -31.5740     -76.4997 
    -29.9746     -53.7843 
    -29.3095     -33.8592 
    -28.6556     -18.5572 
    -28.3451     -14.6203 
    -28.2191     -16.6921 
    -28.9259     -29.5546 
    -29.9599     -46.1399 
    -31.4505     -74.7003 
    -34.0899    -105.0078 
    -35.8378    -131.5198 
    -35.6947    -166.1734 
    -35.7309     147.7251 
    -35.6693      91.0029 
    -35.9402      28.9884 
    -36.8467     -46.2060 
    -38.2885    -128.1211 
    -39.6790     142.5037 
    -44.2678      54.6360 
    -50.6930     -60.9505 
    -48.4394     175.8913 
    -45.3137      99.3232 
    -51.0391      70.7235 
    -45.3707     140.7850 
    -44.6547    -117.5775 
    -42.5912     -48.0692 
    -40.8599      39.7120 
    -40.6169     131.3517 
    -39.8976    -130.0726 
    -38.6356     -47.5669 
    -35.8212      24.4729 
    -35.1215      80.0193 
    -34.4440     123.6368 
    -34.5684     155.7536 
    -34.4397    -175.0370 
    -32.8705    -159.7375 
    -31.3487    -137.9873 
    -30.3620    -121.2255 
    -29.9679    -105.2220 
    -29.5474    -101.6347 
    -30.0230    -104.6041 
    -30.5283    -119.4536 
    -32.1045    -135.2496 
    -33.1150    -160.6344 
    -35.2364     172.6109 
    -36.3224     148.2937 
    -36.1906     110.6425 
    -37.3262      64.9088 
    -37.0834      14.5978 
    -37.7777     -51.5327 
    -39.5102    -120.8880 
    -40.1712     156.2188 
    -41.8128      63.5952 
    -45.4140     -31.5464 
    -47.9038    -154.1864 
    -47.5336     106.4680 
    -47.7570      43.5738 
    -56.0111     -19.8491 
    -46.9283      70.1035 
    -46.8618     161.0301 
    -43.9313    -127.1246 
    -41.4349     -39.9396 
    -40.9077      51.2135 
    -41.6657     141.2049 
    -41.6408    -134.3634 
    -39.2958     -55.1820 
    -37.8450       3.8375 
    -37.8505      46.8535 
    -36.2434      72.5661 
    -35.3600     103.1589 
    -33.3707     124.0965 
    -33.0289     142.2450 
    -31.7739     154.7962 
    -31.7921     163.5465 
    -31.4069     167.2067 
    -32.1005     163.4678 
    -32.3308     154.0373 
    -33.7294     138.0081 
    -33.9850     118.2548 
    -35.3211      87.4067 
    -37.4997      57.1201 
    -38.7385      27.2592 
    -39.6123     -15.3498 
    -39.8349     -63.8385 
    -40.1950    -134.3154 
    -42.0188     146.8436 
    -43.3475      60.8043 
    -43.8777     -17.5629 
    -45.4292    -114.5803 
    -45.9247     132.4846 
    -48.1227      39.1215 
    -53.3091      -9.1277 
    -56.9772    -158.2577 
    -51.9443      -2.3196 
    -50.1932      70.0565 
    -44.3089     152.5878 
    -42.6998    -114.9106 
    -43.0168     -30.0669 
    -43.0110      37.1769 
    -43.3737     129.3384 
    -44.2741    -152.1988 
    -41.5551     -82.4629 
    -40.4813     -36.3083 
    -38.9866      -0.5626 
    -38.5906      19.6054 
    -36.1548      41.4822 
    -34.9001      53.3027 
    -33.6057      70.5046 
    -33.3208      74.5797 
    -33.1170      81.8915 
    -33.6520      75.9746 
    -33.7530      68.7127 
    -34.6160      45.1845 
    -36.0334      24.8419 
    -37.4790       0.9122 
    -39.6682     -28.6096 
    -41.5069     -55.0114 
    -41.8209    -103.5483 
    -43.6488    -157.7373 
    -43.5292     138.3370 
    -43.3368      51.2966 
    -44.0464     -34.7459 
    -45.4916    -111.7885 
    -46.2573     166.4161 
    -46.5868      66.3437 
    -49.0239     -33.1223 
    -62.3973    -141.6247 
    -57.3862     107.5629 
    -59.3828    -148.7828 
    -50.6277     -36.5032 
    -46.7287      72.6266 
    -45.8573     164.6263 
    -45.6036    -119.7730 
    -43.2089     -51.0285 
    -44.9188      29.0252 
    -47.0958      90.7352 
    -46.4630     168.7145 
    -45.8484    -138.7868 
    -42.6583     -96.4175 
    -41.9692     -71.0988 
    -40.6925     -46.7352 
    -38.0336     -39.8977 
    -37.5484     -24.3553 
    -35.7777     -20.4775 
    -35.8989     -14.5963 
    -35.6415     -21.1575 
    -36.9464     -30.4925 
    -37.3126     -46.0960 
    -38.9780     -70.1437 
    -41.0359     -85.6636 
    -42.1754    -125.1441 
    -45.2224    -164.4609 
    -45.7828     152.9138 
    -46.1401      93.1284 
    -46.3808      31.3706 
    -44.3926     -38.5953 
    -43.6288    -121.0995 
    -46.3106     159.2588 
    -49.8471      78.5682 
    -50.3901      -5.4817 
    -52.6450    -104.3460 
    -56.1276      84.6173 
    -60.4208      18.4812 
    -52.2334      76.0145 
    -50.1487    -132.0042 
    -51.5458     -13.1150 
    -50.7106      64.1645 
    -46.5714     144.7940 
    -43.8332    -131.2106 
    -45.6962     -66.2237 
    -44.3625     -20.3673 
    -46.4686      54.4987 
    -50.3083      93.1206 
    -47.5964     131.4007 
    -47.6486     161.7049 
    -44.8717    -177.6458 
    -42.0099    -148.1154 
    -40.5958    -139.1498 
    -38.9225    -123.3515 
    -38.5969    -125.9741 
    -38.8654    -124.2396 
    -38.8661    -140.0343 
    -40.1803    -152.8817 
    -40.5270    -175.5950 
    -44.3587     149.8751 
    -45.8426     124.3957 
    -47.1285      78.6475 
    -47.9985      41.3374 
    -46.4942      -8.7125 
    -46.4899     -71.1413 
    -45.8957    -127.2707 
    -45.0135     163.3534 
    -47.1918      77.3778 
    -53.0490     -18.6644 
    -58.1567    -103.3305 
    -62.8421     177.5854 
    -56.6794       1.0565 
    -58.3315    -110.0417 
    -49.0838       5.1944 
    -51.1611     142.7596 
    -58.7335    -167.1054 
    -50.7447     -61.5827 
    -49.2455      58.5883 
    -47.9744     137.9067 
    -47.0039    -168.8955 
    -43.5762    -106.5565 
    -46.9228     -52.0807 
    -45.7196     -29.8150 
    -47.1184      19.3238 
    -45.8999      24.7834 
    -44.0747      64.7890 
    -43.8211      82.1249 
    -41.4230     101.2599 
    -41.5471     111.7375 
    -40.3995     117.0849 
    -41.2544     110.6520 
    -40.6452     103.5716 
    -41.5507      82.2747 
    -43.5170      68.0246 
    -44.3356      32.6241 
    -46.1643       1.1849 
    -45.9159     -28.1570 
    -46.6267     -69.5857 
    -46.5980    -108.4081 
    -45.8707    -167.0641 
    -47.6821     136.0549 
    -48.4300      80.7411 
    -49.4523      -3.5153 
    -54.6876    -114.2786 
    -59.2387     107.2983 
    -58.9836     -34.7644 
    -56.8872    -108.2392 
    -53.9643     158.9516 
    -48.7486     -69.4277 
    -57.3257      48.0453 
    -51.0011      56.0988 
    -49.4589    -162.3747 
    -58.1021     -24.2986 
    -53.7376      25.2828 
    -48.4154     105.5148 
    -46.6256     175.8185 
    -48.3490    -160.7657 
    -45.2198    -119.3218 
    -47.7998     -97.8156 
    -42.8349     -75.4321 
    -44.0137     -53.2432 
    -41.6965     -35.1899 
    -42.1663     -15.3683 
    -40.9234     -12.5697 
    -41.5656      -7.0842 
    -40.6188     -10.9287 
    -42.0461     -16.8521 
    -41.5944     -29.7270 
    -43.4998     -53.0631 
    -44.1303     -75.2594 
    -44.9261    -107.9945 
    -47.3790    -135.2297 
    -47.3725    -165.7422 
    -48.8874     155.0552 
    -47.9449     105.8364 
    -49.4914      37.3729 
    -54.0921     -19.0339 
    -57.7112     -78.7523 
    -58.8660     148.6788 
    -55.0697       4.8454 
    -53.5396    -111.1812 
    -53.4633     151.5205 
    -55.0215      87.3434 
    -52.1377    -150.5476 
    -59.2840    -103.1095 
    -47.9034     -20.2952 
    -50.8964     110.7174 
    -58.9193     100.9128 
    -54.0421    -104.6535 
    -52.3295      31.6664 
    -52.4453      87.6979 
    -48.0370     105.7401 
    -48.1081     156.5658 
    -46.6228     153.2282 
    -44.1881    -167.0075 
    -44.2663    -167.3851 
    -42.8468    -139.2412 
    -43.2987    -137.0916 
    -41.9698    -123.3478 
    -42.1924    -129.3938 
    -42.0002    -123.5850 
    -42.8635    -136.3702 
    -43.7000    -141.9883 
    -43.9832    -165.4798 
    -46.5452     173.8343 
    -46.3756     155.9577 
    -48.8004     117.4856 
    -51.2602      96.6209 
    -51.3136      56.4885 
    -52.4881      14.0964 
    -52.4411     -53.0452 
    -58.9396    -146.7495 
    -63.6722      47.7568 
    -64.9872     -18.7470 
    -57.2708     -78.2244 
    -53.2514     172.5309 
    -52.0891      71.3040 
    -66.3999      14.2062 
    -55.8729      84.5688 
    -52.2482     161.0739 
    -47.9024    -103.1648 
    -58.0594      -5.1220 
    -51.1423       0.4925 
    -56.8629     138.8245 
    -58.8466      18.6358 
    -70.0749     -73.5830 
    -51.9397      25.2860 
    -56.3144      43.0578 
    -48.2691      65.0080 
    -50.1695      87.9734 
    -45.9380      89.0037 
    -47.2290     106.0530 
    -43.8766     108.9926 
    -45.2025     122.1126 
    -43.0297     118.1291 
    -45.0456     120.1255 
    -44.3912     109.4026 
    -47.1587      98.3234 
    -46.4009      90.7943 
    -48.9211      51.8971 
    -51.7419      55.6532 
    -50.3634      19.2959 
    -55.8827     -33.0073 
    -57.7358     -45.9278 
    -59.7974    -107.7664 
    -63.5495    -147.2294 
    -62.1825      92.2015 
    -55.9069     -33.5877 
    -55.2448    -132.2184 
    -58.5362     147.2303 
    -56.7005      76.5625 
    -53.9172     -19.0525 
    -60.5021     173.4413 
    -52.9299     -37.3569 
    -52.5465      72.3041 
    -52.4569     159.4183 
    -55.2662    -164.3768 
    -49.5068     -84.7797 
    -62.0844       7.9626 
    -54.4914     -21.0790 
    -64.1298     126.0493 
    -55.5692     -20.2020 
    -63.5138    -126.0154 
    -54.5204      -0.0140 
    -57.0734     -67.0520 
    -51.5831     -10.2870 
    -50.2233     -40.7600 
    -47.9631      -6.8328 
    -48.0014     -22.5559 
    -47.2887       0.1621 
    -48.0288     -25.5678 
    -49.1643     -11.6622 
    -50.4481     -47.4095 
    -55.7368     -36.0416 
    -51.5135     -65.1504 
    -61.2332    -119.9004 
    -59.2504     -66.9645 
    -57.5911    -165.3652 
    -65.8615      76.0129 
    -70.4475      87.0178 
    -61.0504     -18.3929 
    -61.2670     -90.6305 
    -56.9215    -136.8215 
    -53.8578     140.0549 
    -54.0513      35.0681 
    -56.1350     -52.9127 
    -56.3577    -121.1005 
    -53.4946      83.3659 
    -52.3857    -126.4550 
    -58.7851     -16.6002 
    -54.2536      21.6942 
    -51.1417      99.6990 
    -51.5975    -175.9422 
    -56.4547    -169.3566 
    -51.0925     -94.6538 
    -71.6322    -126.4860 
    -52.9266     -57.1938 
    -73.9689     145.3095 
    -53.1778      -2.2146 
    -58.8973     150.1546 
    -57.3340      88.2747 
    -50.7352    -170.9169 
    -53.8737     176.6323 
    -48.5160    -154.4641 
    -53.5365    -168.2867 
    -49.0529    -153.4550 
    -52.8939     167.6026 
    -51.2959     176.2214 
    -52.9110     116.6997 
    -65.4204     153.1555 
    -55.4414      87.2176 
    -58.9267     -17.2969 
    -63.8052     100.3122 
    -56.0140     -26.4908 
    -59.5130    -107.3701 
    -59.8810    -117.8111 
    -55.6067     161.6880 
    -56.7575      89.4568 
    -57.6327      38.7791 
    -54.0517     -48.4623 
    -53.0721    -151.3632 
    -55.6729     114.4315 
    -53.0062      10.4900 
    -54.6508     145.2139 
    -60.4492     131.4028 
    -50.8894     -94.2004 
    -53.5580      13.4004 
    -56.9132      40.1960 
    -51.0876      91.0258 
    -54.9272     163.2028 
    -53.4599     146.1166 
    -53.1789    -131.3216 
    -57.7244    -165.5734 
    -50.9080     -77.3404 
    -63.3748     -99.5730 
    -50.3989     -13.3729 
    -60.3931      49.7594 
    -49.2525      35.9865 
    -54.8564      61.9997 
    -48.7976      41.5924 
    -55.0908      39.0637 
    -49.0157      30.7267 
    -53.8370       4.5072 
    -50.8066      -2.0332 
    -53.4199     -68.9942 
    -59.7199     -43.3261 
    -53.4113    -101.4885 
    -59.3990     168.5498 
    -57.8538    -111.1019 
    -54.3220     151.4478 
    -60.3440      84.9917 
    -56.1147      64.8160 
    -53.9243     -20.5590 
    -56.7703    -112.3062 
    -58.6137    -170.7472 
    -53.8433     114.0394 
    -53.5233       9.9937 
    -57.2349     -58.7798 
    -61.3094     -14.3542 
    -52.0054      43.8969 
    -51.6619     172.0393 
    -64.0483    -151.2265 
    -51.1044     -83.3772 
    -53.6809       5.7510 
    -56.0299       0.2209 
    -52.0860      63.4332 
    -60.5032      89.2976 
    -51.6531     109.0167 
    -54.5987     173.1911 
    -51.3441     158.9513 
    -52.4959    -120.7733 
    -52.8347    -149.5040 
    -50.1891     -78.3629 
    -50.1474    -113.1768 
    -49.4737     -77.4933 
    -48.1288    -112.2156 
    -50.8113     -92.4304 
    -48.6180    -129.3749 
    -53.3726    -135.9338 
    -49.4665    -165.2277 
    -54.5352     132.1102 
    -55.9354     159.7760 
    -52.7747      90.8205 
    -70.6799       6.7760 
    -55.5531      63.1381 
    -54.8314     -35.2052 
    -62.3597     -72.0587 
    -55.6630    -115.5287 
    -53.6174     142.0722 
    -55.7694      41.7572 
    -58.2727      -0.7767 
    -53.9295     -79.4215 
    -70.9257      80.6614 
    -54.5042    -139.6561 
    -52.2549     -35.6922 
    -61.1252      66.8848 
    -53.3876      57.0702 
    -52.3105    -178.4328 
    -60.8470    -166.7350 
    -52.2932    -112.2328 
    -58.0126     -38.8946 
    -52.9906     -66.7483 
    -54.2312      16.3376 
    -54.6588       6.0556 
    -51.1288      57.1554 
    -56.5945      66.6224 
    -49.6915      92.8389 
    -58.2950     116.4336 
    -48.4603     129.1643 
    -53.8114     123.5066 
    -47.8948     135.1460 
    -52.7108      97.4701 
    -49.9048     120.4031 
    -50.8525      65.2489 
    -54.8728      84.2661 
    -50.7117      25.0255 
    -59.7991     -41.1860 
    -56.5758       1.3660 
    -56.0305     -95.4221 
    -72.5016      -1.6693 
    -54.4880    -126.9947 
    -56.5128     125.7157 
    -67.7501     104.3597 
    -54.8690      45.1192 
    -51.9815     -59.8228 
    -55.5873    -160.5409 
    -60.3223     159.1696 
