       -65.6393      73.0700 
    -56.3869     140.2750 
    -62.8749    -129.0571 
    -62.9601     -93.3673 
    -66.5447      13.8611 
    -67.8873      88.1170 
    -67.5461     165.0074 
    -77.5064      52.5357 
    -69.5427      58.5927 
    -67.7068     125.7373 
    -61.7825     172.2465 
    -62.5783    -173.8459 
    -64.1982    -121.0669 
    -63.5663    -121.4277 
    -66.6801     -74.4836 
    -67.7915    -132.9786 
    -81.7585     140.8590 
    -84.5330      72.2594 
    -68.5091    -174.5419 
    -63.9714     176.2205 
    -62.2414     100.1551 
    -71.7863    -160.4185 
    -63.0841     133.9779 
    -74.0718      45.2538 
    -66.8461    -177.2441 
    -76.6631     -29.9827 
    -69.3458    -152.6016 
    -69.0294      49.7651 
    -59.5663     -64.0895 
    -59.7185    -118.5544 
    -62.3582    -164.0237 
    -60.0062     141.5045 
    -60.9181      55.7822 
    -62.0937     -46.8955 
    -63.2899    -157.2948 
    -63.8413    -161.9020 
    -56.7636    -123.8219 
    -64.4416     -18.3457 
    -65.1974      58.8664 
    -65.5013     157.0097 
    -67.1508    -111.3795 
    -65.4793     -35.7471 
    -72.3286      69.4603 
    -63.7266     149.0988 
    -66.0706     174.8402 
    -59.8540    -108.5552 
    -63.5609     -91.5533 
    -62.0409     -39.8691 
    -65.4227     -30.6332 
    -66.5627      -1.8052 
    -66.6368     -23.7680 
    -78.1564      -9.1875 
    -77.6810      28.5768 
    -66.7103      24.5547 
    -69.6711     -92.5847 
    -66.5876     104.7872 
    -70.4181     -11.4565 
    -72.9890     -88.2378 
    -64.7117     -73.4870 
    -64.7623    -130.8727 
    -72.0469     -12.5211 
    -63.7936     -93.6917 
    -63.3567     174.9745 
    -62.5633      81.8694 
    -61.2423      15.4132 
    -59.4714     -37.1270 
    -57.3074    -108.1260 
    -57.7829     175.5532 
    -60.5381      83.3167 
    -65.6225     -13.8379 
    -60.3918     -39.4027 
    -59.3642       5.6171 
    -63.2077     120.4787 
    -63.6205    -160.1005 
    -64.7303     -54.7935 
    -65.4624       7.6411 
    -65.0525     113.2267 
    -68.0040    -164.0927 
    -60.6682    -121.8112 
    -70.2702     -78.1508 
    -60.6632     -15.1509 
    -70.4187      12.8142 
    -68.5205      51.3942 
    -73.4343     146.5143 
    -66.4644     126.7960 
    -68.5762    -134.6957 
    -69.9711    -109.5113 
    -63.5209    -143.4597 
    -63.2173    -148.8559 
    -67.4436    -150.9033 
    -60.8394     169.7543 
    -72.2775      96.5821 
    -74.6495     146.3232 
    -75.7887      -0.8919 
    -67.4849    -133.8751 
    -60.1663      98.1230 
    -59.2782      24.9543 
    -59.4498     -47.3326 
    -60.6679     -93.3500 
    -60.9278     178.6044 
    -57.6199     105.6739 
    -57.1707       8.2359 
    -56.9723     -73.7706 
    -60.4077    -155.9547 
    -63.5245     121.3583 
    -62.2237      52.0979 
    -68.8635     170.9215 
    -62.0624    -112.1612 
    -62.3137     -30.5765 
    -62.2064      86.1720 
    -64.5010     134.6749 
    -61.3802    -132.8162 
    -61.3455     -57.6186 
    -56.7365     -28.5038 
    -68.8285       5.5609 
    -61.0957      35.0281 
    -63.7167      48.4114 
    -63.0353      81.2862 
    -69.2793      63.8567 
    -70.5341      68.5949 
    -68.5461      58.4296 
    -63.9223       3.0891 
    -60.3442     -48.2303 
    -63.2732     -55.8268 
    -60.5619     -47.9523 
    -58.7814     -82.0356 
    -59.4372     -84.9295 
    -59.5341    -122.5979 
    -66.7070    -120.5977 
    -65.2237    -129.7571 
    -62.8211    -159.7844 
    -60.9974     143.5832 
    -59.8880      75.0847 
    -60.0350      23.8277 
    -58.2018     -37.3331 
    -56.5622    -121.9038 
    -58.8298     138.7160 
    -58.3536      46.7774 
    -59.0199     -28.7868 
    -59.1390    -104.9149 
    -67.3837     162.8314 
    -61.5316     -82.3523 
    -62.9350      29.4419 
    -64.5664     104.4154 
    -59.5164    -152.1670 
    -60.4061     -62.5501 
    -58.8697      -7.0000 
    -59.7842      69.6276 
    -58.9422      76.7230 
    -67.7502     134.6772 
    -63.7181     153.8083 
    -70.5516     118.3954 
    -63.1185     170.6119 
    -65.2536    -176.2080 
    -65.1826    -150.5103 
    -71.8283     127.6375 
    -62.7792     103.8713 
    -65.9907      74.2130 
    -60.4740      83.5851 
    -57.0832      70.3003 
    -57.5427      36.5146 
    -56.1285       7.0854 
    -61.1596     -27.5141 
    -63.2903       2.6154 
    -59.6984      -6.1531 
    -59.3291     -38.5783 
    -58.4693     -92.1532 
    -60.1252    -152.5203 
    -56.0758     142.9622 
    -55.0303      64.1658 
    -54.9882     -14.9357 
    -59.9456     -95.9419 
    -59.6132     165.5605 
    -57.6163      82.1698 
    -56.4201      -7.5323 
    -61.8690       0.5216 
    -63.0664      26.2136 
    -64.1015     129.7623 
    -62.4762     -81.9809 
    -58.6369     -12.5803 
    -56.8487      62.5680 
    -57.9924     119.8275 
    -58.3048    -173.1523 
    -69.1266    -179.8755 
    -72.0618      37.7252 
    -62.7936     146.8714 
    -61.7072    -168.8984 
    -64.5088    -128.2334 
    -63.2985    -117.7480 
    -65.2351    -115.9261 
    -63.0176    -111.9733 
    -64.2590    -170.9381 
    -66.5193    -173.3915 
    -59.5881    -171.4326 
    -58.1382     167.7441 
    -57.9649     136.8409 
    -58.9701      97.4433 
    -61.7599      70.9500 
    -62.5094      51.1083 
    -73.4004      97.5250 
    -61.7542     108.1962 
    -60.3732      60.7543 
    -59.2198       1.5113 
    -56.5164     -94.3871 
    -54.4342    -179.0615 
    -55.4211     107.3606 
    -56.0797      44.6520 
    -57.8365     -54.1010 
    -56.3250    -171.9883 
    -58.3592      86.3184 
    -63.4942      84.0468 
    -67.3345     136.7273 
    -62.2634    -118.2615 
    -66.4364      26.3261 
    -58.1313      88.0971 
    -58.6153    -177.8966 
    -59.4222    -116.4163 
    -61.5051     -49.3306 
    -78.9691     -26.9290 
    -71.7846     148.7039 
    -62.3814    -135.2485 
    -66.2230    -130.9103 
    -69.1876     -39.2588 
    -74.5498     -75.7629 
    -76.6398     -91.2065 
    -67.4805     -90.7849 
    -64.5783     -98.6114 
    -63.7654     -77.3309 
    -67.0082    -124.5432 
    -66.5789     -89.9982 
    -63.8313    -143.0215 
    -65.8598     158.7040 
    -63.1152     144.3952 
    -62.0629     114.2527 
    -75.7396     133.5818 
    -66.0722    -153.5237 
    -64.9706     173.3224 
    -59.3854     131.2486 
    -64.3190      29.2747 
    -60.7948     -75.9787 
    -56.9137    -149.2641 
    -55.4071     135.0317 
    -58.6514      39.2194 
    -57.0867     -65.5163 
    -56.3034    -173.4206 
    -61.3202     160.7595 
    -72.2313    -100.7491 
    -65.2168       9.8840 
    -58.3037     127.7913 
    -57.3963    -165.4746 
    -58.4597     -80.0740 
    -59.9008      -2.8967 
    -59.1596      89.7282 
    -59.5834     179.6152 
    -59.3680    -115.6467 
    -58.5613     -51.9512 
    -59.6353     -45.0361 
    -67.0320     -20.0453 
    -66.9898     -68.7202 
    -63.8060     -74.3746 
    -59.3581     -56.8269 
    -60.8953     -48.7534 
    -62.7338     -60.4933 
    -61.7441    -100.6417 
    -86.4494      -9.1223 
    -80.4189    -172.3745 
    -73.0650     153.4568 
    -61.3164    -137.9926 
    -55.9630     156.7955 
    -59.3097     114.5993 
    -60.0536      50.6574 
    -56.5901     -28.0833 
    -56.4289    -101.2574 
    -59.3619    -149.6666 
    -66.5078     145.4331 
    -59.9520     -17.3193 
    -55.7025    -105.3172 
    -56.3362     159.9451 
    -58.7093      31.7550 
    -58.4373     -62.5733 
    -64.9628    -114.2950 
    -69.4664     -10.6273 
    -66.1973     126.5673 
    -59.1947    -121.6259 
    -59.8635     -61.2882 
    -60.1622      46.9261 
    -65.2076     170.0043 
    -58.6602    -126.1839 
    -56.6992     -48.8529 
    -55.4854      13.0805 
    -58.2079      59.0357 
    -64.4867      47.2376 
    -61.8845      44.3496 
    -59.1393      25.8865 
    -56.8036      39.9233 
    -55.2917      32.4380 
    -57.6285      34.3470 
    -55.3942      10.9367 
    -55.4009     -30.9256 
    -59.8717     -42.0970 
    -58.8482     -71.8452 
    -64.3075     -90.2809 
    -56.9880     -94.9527 
    -55.9671    -104.4437 
    -56.3905    -118.1511 
    -55.6788    -179.7934 
    -55.8067      99.3406 
    -56.1025      12.6916 
    -55.8228     -41.9229 
    -58.2452    -115.0798 
    -59.3908     105.7530 
    -56.9504     -14.9690 
    -58.1910    -103.6929 
    -59.7003     149.7631 
    -59.9710      46.7073 
    -72.8954      23.7192 
    -67.0813      91.5079 
    -58.3055    -151.1749 
    -62.5565     -37.3785 
    -62.0458      10.9815 
    -63.0684     149.7563 
    -61.0101     -70.2694 
    -56.4214      -9.5675 
    -56.3304      65.2237 
    -57.0699     117.1117 
    -60.4386     156.2288 
    -64.3794     141.0073 
    -67.7136     106.7490 
    -62.4408      52.7539 
    -56.2632     101.9665 
    -52.3746     108.5519 
    -52.1222     117.3220 
    -51.9782     100.2389 
    -53.2929      76.6779 
    -56.3929      74.0490 
    -57.0573      49.0495 
    -61.6346      34.9045 
    -57.1325      10.8884 
    -54.8340     -12.1073 
    -55.6586     -41.9823 
    -55.4101     -77.5632 
    -55.9262    -138.3440 
    -55.7248     143.2946 
    -53.0671      59.6147 
    -52.9066     -30.9867 
    -58.1641    -131.8447 
    -57.4927      90.7805 
    -56.9628     -18.7240 
    -59.5015    -124.1518 
    -58.3190     131.9693 
    -63.1564     121.9699 
    -64.3633    -148.8680 
    -59.3163     -64.9155 
    -62.3391      42.2752 
    -63.3799     115.4177 
    -60.7463     -48.7169 
    -56.8122      40.4803 
    -53.5352      97.2509 
    -54.4144     151.7291 
    -54.1104    -159.9343 
    -58.5791     -87.9041 
    -76.9482     125.5398 
    -56.2438     159.5820 
    -54.9117     176.3161 
    -54.7958    -159.8370 
    -54.4579    -156.6956 
    -52.5407    -153.5968 
    -52.1143    -172.2979 
    -53.6742    -168.9336 
    -53.3603     163.9549 
    -54.8467     139.8217 
    -61.2349     114.0189 
    -60.1115      49.1764 
    -66.0273      21.1049 
    -57.2839      94.2714 
    -52.3346      18.7175 
    -51.9216     -42.9309 
    -53.3361    -118.7066 
    -53.2038     143.8500 
    -52.8618      53.5588 
    -54.8855     -45.3489 
    -57.8890    -146.2137 
    -58.9888      96.3710 
    -57.5536      -9.1152 
    -56.2418    -111.2966 
    -59.3023    -143.7815 
    -60.7812     -51.0821 
    -59.5145       1.9868 
    -63.7026     131.8484 
    -71.4184     179.0391 
    -59.4831      48.5128 
    -54.3409     125.3642 
    -51.8007    -171.6119 
    -53.5430    -102.2815 
    -57.4797     -46.4926 
    -64.9195      15.7317 
    -63.9327    -117.7107 
    -57.5624     -86.7807 
    -60.5725     -62.0636 
    -59.7063     -81.2170 
    -58.0003     -81.9547 
    -54.5210     -68.3221 
    -52.0901     -80.0694 
    -54.7130     -82.4734 
    -53.2282     -90.0317 
    -57.2924    -103.9091 
    -64.3203    -100.9625 
    -66.5757    -161.2974 
    -70.8828     178.7555 
    -60.8148    -151.8827 
    -54.2105     136.8304 
    -50.8590      88.4963 
    -49.9495       5.7139 
    -53.4653    -100.7507 
    -53.0079     139.7887 
    -52.0404      50.1682 
    -54.8875     -37.5789 
    -58.1521    -149.5252 
    -59.5474      88.7949 
    -57.2583      -9.4332 
    -57.7037     -64.5626 
    -59.8096      14.2503 
    -59.4129     101.1914 
    -67.6516    -129.3507 
    -65.6744      17.2140 
    -55.0454     128.5910 
    -52.7952    -142.1051 
    -51.5783     -95.2785 
    -54.6461     -30.3106 
    -66.0218      20.2624 
    -75.7857      71.9258 
    -61.7172     -20.8564 
    -61.9916     -16.0786 
    -65.4473      16.8126 
    -67.7249      24.0552 
    -74.7586      39.8007 
    -62.3665      57.2295 
    -57.5113      74.5180 
    -52.3313      66.7340 
    -52.6469      41.9610 
    -56.2458      32.8040 
    -60.1516     -15.5689 
    -70.1689     153.5128 
    -62.5950      30.0652 
    -65.4080     -36.2551 
    -54.9169    -133.7550 
    -52.7048     157.0270 
    -51.0439      99.6756 
    -54.0426      21.3683 
    -56.6754    -130.1367 
    -52.7675     126.0099 
    -53.0273      53.4615 
    -55.1716     -31.0920 
    -61.5882    -165.8010 
    -57.1891      67.7868 
    -56.3942      15.1685 
    -57.9018      99.1322 
    -58.7202    -130.4413 
    -59.8876       3.1554 
    -59.5611     110.2743 
    -52.5522    -156.5295 
    -52.5047     -78.5210 
    -50.7890     -21.8122 
    -57.5433      53.5427 
    -71.6451      40.4606 
    -76.2574      72.2794 
    -59.8771      34.9433 
    -58.5862      49.1244 
    -60.9834     141.4225 
    -62.8022    -146.9400 
    -58.0219    -109.2884 
    -61.7293    -137.2804 
    -57.2406     175.1243 
    -53.7083     179.3267 
    -53.6154     164.2632 
    -53.2654     168.8716 
    -58.3499     124.4333 
    -60.3726     163.6029 
    -56.1578     122.8476 
    -61.5323      22.5566 
    -56.1982     -31.8608 
    -49.7133    -123.3343 
    -48.4253     170.2768 
    -52.7039     114.6149 
    -63.7312      36.1918 
    -55.6359    -175.0026 
    -54.0307     128.8809 
    -55.3760      68.8827 
    -58.3623     -35.9032 
    -59.4539     164.9220 
    -56.4074     104.5251 
    -57.9652    -125.8605 
    -57.8408     -18.5123 
    -54.3028      95.2078 
    -54.5885    -173.4942 
    -49.8665     -85.3313 
    -50.2653     -14.5527 
    -51.6749      51.6615 
    -60.0298     109.6366 
    -65.8042     -60.0570 
    -57.7553      14.9965 
    -54.5715     113.2578 
    -61.8659     175.7328 
    -58.7520     -48.9503 
    -54.6217      -6.6806 
    -53.7523     -35.6532 
    -49.0449     -58.8427 
    -44.9562     -73.7913 
    -44.4389     -91.0391 
    -44.8541    -103.0458 
    -48.0900    -119.1083 
    -54.3724    -151.3882 
    -55.7001    -103.2364 
    -51.1460    -128.1110 
    -53.2407     153.5550 
    -54.5582      66.4628 
    -49.6320     -39.8288 
    -46.1230    -109.7021 
    -47.6705    -172.7842 
    -53.6076     139.2111 
    -69.1871     -63.2101 
    -53.7315    -149.1687 
    -53.5825     139.5772 
    -54.4887      77.8959 
    -65.9886     -60.6093 
    -57.6574    -176.2344 
    -54.8800     -15.4825 
    -55.9403      55.7501 
    -51.7181     171.3225 
    -51.6926     -91.7159 
    -49.9617     -21.7878 
    -49.6762      58.4144 
    -53.2518     127.1520 
    -57.4996    -107.8176 
    -55.3866      33.0822 
    -58.6709     102.8692 
    -77.1975      20.2330 
    -54.8720      62.4807 
    -53.0026      78.2811 
    -50.7530      77.2310 
    -47.9945      60.7327 
    -45.1228      49.7177 
    -43.2635      32.0564 
    -41.5309       6.2029 
    -41.4661     -17.2195 
    -42.9241     -42.7725 
    -46.2576     -61.0849 
    -47.0608     -57.6086 
    -48.5837     -75.1970 
    -48.3906    -109.7562 
    -52.1319    -174.9677 
    -53.3034      53.1049 
    -47.7267     -32.6372 
    -45.8465     -91.8804 
    -48.7463    -150.1848 
    -58.6861     144.7849 
    -59.1462     -67.8557 
    -52.4448    -137.6038 
    -51.3654     149.9936 
    -59.7125      31.7545 
    -55.8161     -80.4844 
    -54.5570      39.4569 
    -50.8642     127.8541 
    -49.0032    -118.7304 
    -51.7629     -24.5625 
    -48.4086      42.4622 
    -51.4489     152.2491 
    -56.3031    -102.8840 
    -51.8181      13.0485 
    -51.3080      77.2015 
    -50.4186      92.7793 
    -48.6962     146.0459 
    -49.7554     160.5450 
    -48.3815     164.2054 
    -45.3795     178.4648 
    -47.7068    -177.5881 
    -49.5425     152.3792 
    -44.1763     101.9600 
    -40.6894      79.6319 
    -38.3384      64.2887 
    -38.1173      37.3320 
    -41.1825      12.0128 
    -44.4266       4.1236 
    -44.7787     -12.0509 
    -44.4769     -39.3302 
    -47.4006    -105.5734 
    -55.8902     157.0218 
    -51.0406      22.9424 
    -47.4094     -25.3601 
    -46.7177     -84.1548 
    -51.9976    -145.4087 
    -62.9645      57.8177 
    -51.7460     -65.2017 
    -49.2917    -151.0141 
    -53.4928     113.3141 
    -54.2164      -2.7889 
    -50.6781      91.9622 
    -49.0819    -161.7329 
    -48.3936     -42.6856 
    -50.9683      47.9124 
    -50.3120     129.7708 
    -55.0691     -76.7398 
    -54.4226      30.5280 
    -50.3207      87.5141 
    -48.1819     129.9177 
    -45.6468     172.8341 
    -49.5328    -133.3493 
    -50.5836    -146.7630 
    -48.3986    -136.2197 
    -46.7321    -120.1697 
    -50.9623    -129.0333 
    -49.7965    -166.1269 
    -42.9100     156.8150 
    -40.0295     137.1501 
    -37.9570     121.4563 
    -38.1370     101.6586 
    -39.0766      77.0534 
    -40.1313      53.1056 
    -42.1045      30.2312 
    -43.5416       5.9609 
    -43.9922     -40.5661 
    -51.3235    -110.5257 
    -53.0547     106.4481 
    -49.5545      36.8726 
    -46.4783      -9.4153 
    -48.3568     -69.5711 
    -57.4992    -175.2515 
    -52.0888      -5.8637 
    -48.8214     -96.7961 
    -50.9057     172.9152 
    -53.9169      49.3920 
    -50.4361     147.7577 
    -49.3086     -90.3810 
    -50.9646      21.8115 
    -52.8855     127.6091 
    -55.8521    -111.6683 
    -53.2500      32.3709 
    -54.1155      97.0373 
    -48.9155     128.8900 
    -46.0285    -179.0392 
    -48.0140    -127.6470 
    -52.2208    -133.7961 
    -46.3135    -117.6061 
    -43.9461     -86.5441 
    -44.5844     -58.5899 
    -47.9940     -69.0513 
    -45.9093     -99.0093 
    -41.8237    -119.7667 
    -38.3834    -148.8513 
    -35.9827    -173.1040 
    -35.4162     160.5653 
    -36.9924     130.6250 
    -38.2910     110.6081 
    -39.2434      82.3303 
    -40.1835      45.5237 
    -43.0117       4.7885 
    -48.4982     -44.0681 
    -53.8286    -145.3219 
    -51.6320      93.6493 
    -48.4626      54.8836 
    -48.6910     -11.5309 
    -53.6119     -95.7360 
    -52.5508      54.3545 
    -47.4687     -56.6870 
    -49.4827    -142.2085 
    -51.9033      73.2236 
    -49.5465    -162.1928 
    -52.6961     -28.2127 
    -52.5134      67.4558 
    -56.5178    -139.6693 
    -58.9404       6.8863 
    -53.7266      90.9146 
    -52.9733     136.3405 
    -48.8110     173.4067 
    -48.0773    -137.1504 
    -47.5579    -128.0276 
    -45.7243     -99.5057 
    -42.4258     -57.4372 
    -43.2066     -16.3536 
    -46.0626      -7.8507 
    -47.2156     -10.5939 
    -50.3631     -37.4267 
    -48.4933     -53.5202 
    -43.2226     -82.2492 
    -40.1723    -103.8505 
    -38.0862    -128.7475 
    -37.6366    -163.5660 
    -38.1600     159.3940 
    -38.9426     127.5940 
    -39.2429      89.0061 
    -42.0740      36.1887 
    -48.2638     -18.7824 
    -53.7091     -85.9463 
    -50.2394     165.2192 
    -49.9589     101.8736 
    -48.6644      40.4098 
    -52.5340     -17.7032 
    -56.1654     110.3082 
    -46.7340     -10.3389 
    -49.2015    -107.9917 
    -49.7558     118.4160 
    -50.3170    -108.2274 
    -57.6429       7.5999 
    -55.9643     110.6509 
    -57.8218     -60.6551 
    -61.0432      91.1669 
    -52.9770     126.0316 
    -52.7273    -177.1650 
    -54.3736    -164.3754 
    -47.7326    -142.8686 
    -44.3427    -100.6124 
    -43.0544     -52.5064 
    -42.5794      -1.6965 
    -43.2257      19.5477 
    -42.3538      24.5340 
    -41.2459      18.9488 
    -43.7154       2.0682 
    -46.1582     -36.8884 
    -43.8022     -69.8391 
    -43.8335     -86.7697 
    -43.0101     -98.7285 
    -42.4583    -119.5621 
    -39.4386    -151.3787 
    -39.1112     165.4816 
    -39.9077     123.5126 
    -43.4248      64.3373 
    -49.4931       0.0823 
    -57.1163     -77.0310 
    -50.6360    -135.2043 
    -49.2247     146.3876 
    -49.3176      84.4204 
    -55.7920      30.1368 
    -69.8005     116.9569 
    -47.3317      27.0141 
    -47.5429     -80.9888 
    -51.5152     151.3959 
    -53.2705     -81.8682 
    -58.7016      35.1804 
    -55.6038     150.8599 
    -58.9179       4.9671 
    -62.5773      87.3810 
    -54.0306     176.7406 
    -59.9423    -108.3622 
    -50.7895     145.4293 
    -44.0000    -127.6814 
    -41.5890     -70.0819 
    -41.4342     -13.7068 
    -40.3737      40.3499 
    -40.4788      83.6469 
    -40.2262      90.1071 
    -37.8561      92.6342 
    -41.6585      88.9244 
    -44.6975      13.4985 
    -38.0961     -22.5519 
    -38.4832     -43.3260 
    -40.5502     -64.8510 
    -42.1558     -96.0232 
    -42.1003    -124.0957 
    -39.4785    -164.3373 
    -39.5221     142.6469 
    -42.2703      66.7780 
    -46.1353     -17.4493 
    -50.5567    -109.9837 
    -52.8642    -109.8355 
    -48.1045     178.7830 
    -48.2500     120.5690 
    -59.9226      28.0262 
    -57.5745      87.1602 
    -48.9512      55.7202 
    -47.0453     -46.4559 
    -53.8900    -178.0843 
    -55.2783     -56.8164 
    -59.4956      43.9946 
    -57.5189    -147.1581 
    -57.5941      36.4672 
    -59.5428     113.2445 
    -55.3896    -119.1985 
    -54.7698      70.4879 
    -44.0767     171.3605 
    -41.6417    -100.7537 
    -40.9537     -38.3118 
    -41.3099      27.2226 
    -41.0424      95.5204 
    -42.1807     139.6961 
    -41.6716     148.8927 
    -41.0940     169.4147 
    -55.9610     -81.8118 
    -40.2732      19.5994 
    -35.6154      34.3191 
    -35.7651      22.5346 
    -38.0389      -8.6128 
    -39.7666     -46.2506 
    -39.5809     -94.0587 
    -38.3132    -137.0056 
    -39.0174     166.4111 
    -40.7215      91.5805 
    -42.2284       6.3015 
    -44.3663     -80.2233 
    -51.0303    -116.4777 
    -47.5841    -155.8393 
    -48.9071     162.7977 
    -54.9559      22.2860 
    -53.0424     131.7232 
    -49.4044      65.2870 
    -47.7426     -18.2893 
    -54.8006    -150.4821 
    -61.8830     -67.5039 
    -59.8247      70.5573 
    -60.8335     -97.7031 
    -56.5361      94.4923 
    -58.8695     117.1363 
    -56.3693     -64.9702 
    -50.3549     120.5631 
    -43.2459    -157.9627 
    -42.5184     -75.0089 
    -42.7407     -17.1930 
    -45.9137      44.3818 
    -44.7290      98.1063 
    -41.4648     160.4120 
    -41.3135    -145.2955 
    -45.4645     -54.5449 
    -38.4069      27.1707 
    -35.8649      45.2101 
    -36.0194      62.9588 
    -35.8752      69.5407 
    -35.4165      31.7348 
    -37.2400     -16.4474 
    -39.2107     -60.4718 
    -38.2250     -95.7635 
    -39.3566    -158.8482 
    -41.8716     121.7398 
    -42.1420      27.8656 
    -42.0655     -49.9202 
    -47.5091    -104.2265 
    -46.9103    -145.5156 
    -51.7334    -173.4803 
    -53.1985      68.6487 
    -53.6489     170.6034 
    -49.4966      82.0432 
    -48.9901       2.6280 
    -56.5509     -95.0613 
    -62.2248     -42.6267 
    -66.9208      53.5044 
    -58.9734     -27.2528 
    -55.7345     118.4574 
    -56.8558     138.1317 
    -58.8165     -76.8518 
    -52.9986     163.5011 
    -47.6821    -137.8015 
    -49.5540     -68.0404 
    -48.6129     -22.9449 
    -48.9535       2.6964 
    -44.2860      94.2550 
    -41.3392    -167.4127 
    -42.8224     -68.3306 
    -39.8479      24.6711 
    -35.8770      66.9362 
    -35.1985      69.0646 
    -36.5389      77.5086 
    -37.3904      88.1236 
    -35.5996      60.5942 
    -37.5822      10.8570 
    -41.7429     -29.6671 
    -40.6188     -52.8991 
    -42.2578    -113.2591 
    -48.2726     166.6198 
    -46.5069      38.3175 
    -44.7392     -19.7033 
    -45.0774     -72.2728 
    -46.3853    -130.6228 
    -54.1183    -162.3858 
    -58.9004     123.9032 
    -54.1244    -164.8895 
    -51.4973     102.3821 
    -52.1958      24.0978 
    -54.4170     -79.1780 
    -64.0275      47.7171 
    -64.5995     106.3881 
    -59.9361       2.3419 
    -54.4789     135.8776 
    -55.2468     160.2417 
    -52.9321    -113.8123 
    -60.2739     -54.3391 
    -62.8774     134.0712 
    -55.1593    -170.4654 
    -50.0257     -89.6097 
    -48.9546     -46.3207 
    -57.3385      33.4579 
    -52.0101     -49.0168 
    -45.1258      39.5133 
    -40.0130      65.4539 
    -38.2908      80.2703 
    -38.8564      82.2365 
    -38.0198      88.4044 
    -39.0562      65.1550 
    -42.1555      36.0203 
    -51.9750      31.8581 
    -44.4429      40.3484 
    -42.0526     -13.5317 
    -44.5525     -51.2318 
    -51.8629     -63.6829 
    -53.7188     -37.6087 
    -54.9834      -7.6415 
    -44.1224     -38.1303 
    -46.4032    -117.6569 
    -57.5148     175.2603 
    -59.8990    -138.4965 
    -54.3679    -166.2553 
    -53.0188     106.8750 
    -55.4584      35.8957 
    -52.2802     -47.2938 
    -58.2241      46.0160 
    -66.9758     114.9004 
    -58.4264      55.6808 
    -55.9965     122.9945 
    -55.9829    -167.7666 
    -48.3774    -135.0939 
    -48.7598     -25.4089 
    -47.4185      71.6728 
    -45.7882     156.3264 
    -44.7402    -127.2726 
    -46.6370     -72.8051 
    -44.7466     -51.4760 
    -39.0130       8.2007 
    -36.9655      77.6874 
    -39.0856     103.6922 
    -40.8094      92.9846 
    -40.7338      93.9492 
    -37.7620      80.1397 
    -37.7649      23.3924 
    -40.5751     -64.1948 
    -40.6288     176.3226 
    -38.6426      74.6343 
    -40.0997       8.6874 
    -41.3584     -16.2821 
    -43.2718     -45.2878 
    -47.6815     -92.0971 
    -54.6494     112.6734 
    -43.2169     -18.4241 
    -47.5539    -109.3228 
    -65.0065     125.4841 
    -54.0366    -107.3321 
    -56.6630    -160.7667 
    -57.0318     139.8196 
    -56.8466      71.0399 
    -51.6023     -45.3217 
    -56.2360      69.9211 
    -59.3168     138.0618 
    -57.9887      37.4764 
    -57.0075     166.5212 
    -56.6261    -178.3067 
    -49.4005    -149.9601 
    -45.9240     -41.4453 
    -44.1766      50.0327 
    -42.4419     143.5505 
    -42.0066    -141.2908 
    -43.0696     -85.6552 
    -42.8910     -51.0520 
    -38.5339      -5.6055 
    -35.6450      52.7984 
    -35.9199      92.0781 
    -38.6396     105.9060 
    -40.8063      85.6981 
    -39.2717      44.3677 
    -39.3330     -21.5471 
    -42.0357    -134.2962 
    -39.1834     131.0920 
    -38.0088      62.8924 
    -38.5393      20.5355 
    -38.7368     -13.0210 
    -40.5888     -54.6538 
    -45.3830    -115.1285 
    -51.3352     113.7062 
    -44.2980     -24.9910 
    -53.0344    -115.7884 
    -58.1418      30.9796 
    -52.3534    -103.2098 
    -55.8017    -167.6231 
    -62.4453     133.6510 
    -57.1720     110.3836 
    -49.8993     -44.5598 
    -55.3581      73.7746 
    -67.7844     116.2858 
    -56.2063       0.3579 
    -56.3099     166.2790 
    -56.9753     173.5293 
    -54.5020    -160.6046 
    -46.5460     -76.4131 
    -44.4927      28.0916 
    -41.7067     120.6518 
    -40.8332    -168.8248 
    -41.8161    -116.1646 
    -41.2377     -67.2715 
    -39.3332     -28.6751 
    -36.5777      15.6736 
    -35.5068      50.8293 
    -36.3815      74.3308 
    -41.8370      72.9711 
    -49.5767      12.3385 
    -50.5586    -138.2766 
    -41.3728     137.7821 
    -39.2349      87.1286 
    -38.1371      45.8602 
    -37.1850       9.1335 
    -38.1394     -30.1773 
    -39.7556     -78.1881 
    -46.7220    -162.7553 
    -49.4831      67.6510 
    -46.7982     -43.7979 
    -64.5955    -150.0882 
    -51.8283       1.2762 
    -51.1290    -110.3885 
    -57.3080    -162.8137 
    -64.0953    -146.6646 
    -53.9238     113.5549 
    -50.1580     -64.9179 
    -54.0078      72.0194 
    -62.5540    -164.1568 
    -59.4049     -44.7560 
    -53.4650     137.5720 
    -60.5033     170.5941 
    -57.9861    -137.0928 
    -49.7075    -100.2968 
    -46.8897       5.8146 
    -42.6184      85.8526 
    -41.4132     163.5750 
    -42.8286    -139.2998 
    -43.3070    -100.1282 
    -40.5162     -69.6238 
    -37.6103     -30.3915 
    -37.7081       1.7714 
    -37.7978      31.6729 
    -41.2880      60.4449 
    -43.2434      84.0991 
    -42.6660     102.7212 
    -38.9193      77.8921 
    -37.2550      45.7334 
    -38.1554      10.9146 
    -38.4509     -14.0520 
    -39.7058     -49.0546 
    -41.9376    -104.5006 
    -53.7674     167.4921 
    -54.2025       8.2279 
    -53.5078     -92.7689 
    -55.9654      48.1642 
    -49.8036     -23.8685 
    -53.2510    -133.7621 
    -60.1269     167.9444 
    -59.0490    -130.0880 
    -50.7184     103.0825 
    -48.2665     -80.4009 
    -52.2891      46.1992 
    -60.8553    -171.5087 
    -57.7631     -49.7364 
    -51.8707      92.3387 
    -56.4603    -177.2976 
    -55.2919    -140.8063 
    -52.0010     -97.3845 
    -47.5146      -7.2151 
    -45.2455      52.7614 
    -42.1525     125.8549 
    -42.6972    -174.4518 
    -43.2111    -124.0298 
    -43.5883     -90.6064 
    -41.4379     -65.5028 
    -41.2657     -32.1586 
    -40.1668      -3.2557 
    -40.9155      20.5205 
    -40.8434      33.0557 
    -41.8013      49.3275 
    -39.3602      36.7760 
    -39.7272       8.8127 
    -40.9387     -11.2054 
    -39.9274     -33.0777 
    -41.6468     -71.8846 
    -46.9244    -124.7637 
    -70.3205     153.0880 
    -62.0520     -57.9994 
    -62.9765     115.9507 
    -52.1084      20.3752 
    -49.2694     -53.2074 
    -53.5128    -157.5455 
    -75.7606      -2.7948 
    -53.2265    -148.0051 
    -50.1964      87.7054 
    -47.8261    -109.9704 
    -51.4954       2.1783 
    -54.3037     132.2925 
    -56.2254     -84.4146 
    -52.2247      49.0529 
    -52.0415     145.5185 
    -51.7559    -151.4550 
    -49.7132    -107.7740 
    -47.2505     -40.7611 
    -46.3798      29.9100 
    -44.1198      83.9229 
    -44.1608     133.8271 
    -42.1183     171.4386 
    -40.6169    -142.5637 
    -39.5223    -111.2159 
    -38.8985     -74.3947 
    -39.5949     -47.5636 
    -42.3126     -26.4396 
    -44.4610       4.0227 
    -42.4837      25.7205 
    -41.1477       9.1198 
    -40.2832      -5.7130 
    -39.7125     -36.4444 
    -41.4816     -62.2251 
    -45.1938     -91.7255 
    -49.6304    -117.8071 
    -57.4921    -134.0526 
    -54.8268     158.4444 
    -53.0670      44.3168 
    -50.5376     -24.0367 
    -51.6442    -103.4770 
    -58.5228     159.2675 
    -59.2919     -72.4579 
    -52.3436     175.3950 
    -48.7715      59.7400 
    -48.2770    -140.3472 
    -49.2393     -44.1596 
    -50.6301      75.0369 
    -56.0008    -124.0137 
    -54.3109      -5.5304 
    -49.4179      99.4980 
    -48.7800     166.8086 
    -48.6602    -132.2576 
    -48.8139     -77.3403 
    -45.8830     -15.8622 
    -45.1867      45.2731 
    -45.8434      88.7101 
    -45.6419     111.5881 
    -42.1647     138.2000 
    -39.5411     174.8831 
    -39.2909    -149.5522 
    -41.2195    -122.8803 
    -45.5914     -77.7929 
    -43.7575     -30.5904 
    -39.5495     -18.5586 
    -38.9184     -30.6577 
    -39.6826     -54.2502 
    -41.4174     -80.9651 
    -43.6525     -93.6324 
    -46.4572    -116.6929 
    -50.4999    -163.9542 
    -55.7537     166.1958 
    -52.1368      70.0049 
    -51.3768     -17.4942 
    -50.8662     -72.6153 
    -57.4689    -151.0669 
    -62.9642      49.0210 
    -54.1152    -114.8615 
    -50.7714     145.4959 
    -48.8409      33.2820 
    -48.6383     177.7702 
    -48.0955     -93.2921 
    -48.2620      15.6693 
    -54.3879     144.6666 
    -61.1191     -79.0731 
    -51.4192      32.0417 
    -48.4810     117.3904 
    -46.8214     171.8369 
    -47.0757    -117.4647 
    -47.2958     -58.7193 
    -46.6669      -6.8673 
    -46.8043      37.9320 
    -45.8649      68.2906 
    -46.0315      91.1222 
    -42.3206     107.8216 
    -41.5853     138.1770 
    -43.6413     174.2466 
    -47.4383    -122.1688 
    -43.9828     -87.3881 
    -41.1912     -84.5429 
    -41.4551     -92.5104 
    -42.3018    -102.5439 
    -43.1885    -117.7152 
    -45.2002    -138.5428 
    -48.6009    -167.8857 
    -52.7560     150.6253 
    -52.5991      80.9263 
    -50.0277      -5.0865 
    -51.8015     -68.9036 
    -53.1391    -131.2268 
    -64.8753     103.1748 
    -56.9873     -52.9855 
    -53.6039    -165.9193 
    -50.7788      99.0921 
    -49.6052      -1.9291 
    -50.1072     123.6964 
    -47.7293    -140.8259 
    -48.2847     -39.1171 
    -51.6023      66.1372 
    -59.7362     156.4604 
    -58.7127     -62.2550 
    -49.4995      45.6492 
    -47.6273     110.2815 
    -46.1655     179.2404 
    -46.1313    -107.1479 
    -47.7219     -56.1243 
    -48.0445     -24.5603 
    -46.4231       5.6494 
    -45.1958      28.6286 
    -43.4705      46.4822 
    -43.8322      68.3026 
    -44.5758      89.0872 
    -49.5575     109.6348 
    -53.6701     173.6590 
    -49.7588    -135.3699 
    -44.6277    -144.4971 
    -44.9511    -167.6893 
    -48.2556    -177.7539 
    -50.2336     174.5958 
    -53.1240     140.8929 
    -51.7267      74.3637 
    -50.3815      -2.0456 
    -51.9219     -70.4955 
    -55.1438    -121.4919 
    -62.1372     164.0126 
    -59.9527     -32.0421 
    -55.3951    -131.6228 
    -52.0478     140.3999 
    -51.6317      45.4731 
    -52.5544     -54.3108 
    -53.7830      48.4578 
    -50.2879     155.1000 
    -49.4468    -102.0906 
    -49.4262      -1.1180 
    -52.5717      67.1411 
    -55.6760     160.5094 
    -54.4057     -64.9942 
    -49.8204      34.2548 
    -47.5256     109.1632 
    -46.0181     179.9098 
    -48.4637    -109.5325 
    -52.7418    -100.5000 
    -48.2292     -74.0691 
    -47.0021     -54.7389 
    -45.2926     -30.2349 
    -44.3518      -8.4417 
    -46.7397       3.2494 
    -50.2549      -0.0988 
    -60.5551     -26.2862 
    -55.7932     166.5461 
    -50.8488     131.5385 
    -53.7614     105.6335 
    -61.1404     113.5711 
    -65.0635     142.0516 
    -58.5868      97.4454 
    -54.0034       3.4908 
    -53.4471     -75.2560 
    -57.6364    -129.8649 
    -65.5189     155.3843 
    -62.8829     -68.1457 
    -56.9420    -118.7751 
    -54.3372     165.0644 
    -52.6983      83.1180 
    -53.9686     -12.8341 
    -57.7084    -108.5487 
    -57.6705     -44.8684 
    -52.8270      74.1756 
    -51.0776    -171.6750 
    -50.3495     -73.5284 
    -49.8426      -2.4699 
    -51.0236      88.5816 
    -53.8712    -172.4397 
    -52.0753     -62.8248 
    -50.2426      35.4104 
    -49.2440     110.6529 
    -49.4934     176.7451 
    -51.3018    -131.7929 
    -58.3954    -131.3510 
    -50.0384    -145.5720 
    -46.6261    -118.7643 
    -45.8458     -90.8791 
    -46.6672     -77.5366 
    -49.0798     -60.9763 
    -52.6363     -30.9216 
    -57.0173       7.2182 
    -57.5216       3.2014 
    -61.3423     -37.8418 
    -58.6574    -132.3641 
    -54.5806     159.6214 
    -57.4327      58.8264 
    -56.6378     -35.4809 
    -58.7142    -108.6341 
    -66.2632     173.0807 
    -61.6734     -49.4590 
    -56.7337    -134.7776 
    -56.1861     170.8007 
    -55.4566     100.1657 
    -57.1261      27.1396 
    -61.8470     -78.4913 
    -69.6250     166.1400 
    -59.7085    -145.3635 
    -55.5110     -13.1131 
    -54.3827     105.0921 
    -54.5598    -148.4530 
    -50.3186     -71.0000 
    -50.8236      22.8760 
    -52.7746     108.8577 
    -53.2035    -164.3763 
    -53.0375     -58.3785 
    -53.1052      37.5728 
    -53.3942      88.4356 
    -52.1786     142.0262 
    -54.4713    -175.2523 
    -58.2639     171.6728 
    -53.4075     171.4936 
    -53.6142    -179.1773 
    -51.3030    -173.4310 
    -50.9410    -149.3228 
    -51.2439    -138.6020 
    -54.0049    -143.7139 
    -59.0531    -153.8633 
    -58.9741     177.4925 
    -54.7888     123.1452 
    -55.8733      70.2277 
    -59.1558      -6.3139 
    -56.7907     -72.8581 
    -59.8283     179.0360 
    -61.9932     -23.7869 
    -57.1584    -121.8268 
    -54.8588    -179.1705 
    -55.5403     103.4104 
    -59.2484      29.0389 
    -66.7462     -60.2095 
    -71.4551     123.0963 
    -65.1304      -8.9603 
    -57.8889     116.5016 
    -58.4041    -100.9129 
    -58.2638       4.2867 
    -59.3877     119.0021 
    -52.7486    -154.6622 
    -51.4991     -56.3301 
    -52.9632      24.3688 
    -52.5873     100.3605 
    -54.2141    -178.4141 
    -56.0068    -105.2103 
    -55.9062      -4.0198 
    -59.1486      86.8225 
    -58.5868     134.8621 
    -64.3837     164.6749 
    -61.4672      97.6057 
    -55.8068      81.4877 
    -55.4376     110.1176 
    -57.6957     125.7605 
    -62.1294     163.2723 
    -60.4874     162.3198 
    -59.4411     130.4013 
    -55.5947      86.3616 
    -54.6882      29.5224 
    -60.6491     -18.9799 
    -61.0523     -75.9033 
    -65.2211    -170.8396 
    -70.5449     -17.0600 
    -60.2257     -78.8828 
    -54.3792    -161.3479 
    -54.3342     117.3219 
    -57.4842      27.6505 
    -65.0000     -42.1299 
    -68.0203     156.5726 
    -64.1811      16.5862 
    -59.1244     -89.0336 
    -61.1305      28.3449 
    -62.0721     153.5490 
    -61.5975     -97.7037 
    -60.1309      -4.4616 
    -55.7976      99.6557 
    -54.0315    -158.2755 
    -52.0900     -74.9332 
    -49.5546      12.1967 
    -52.0591      91.5232 
    -52.8819     145.5868 
    -56.4000    -139.3978 
    -68.2106     -60.9159 
    -59.7481     100.7716 
    -57.0334     146.6507 
    -57.5296    -176.2083 
    -60.5041    -122.8636 
    -66.9636     -56.8828 
    -63.1648      33.6812 
    -56.6521      49.2257 
    -54.5456      29.0255 
    -54.6507       6.0217 
    -56.8785      -5.8360 
    -56.2346     -28.4498 
    -60.6946     -99.0046 
    -65.6980     140.6123 
    -65.0029      11.2041 
    -60.0695     -79.8508 
    -55.4851    -147.5577 
    -54.5355     126.5019 
    -57.1096      45.1694 
    -61.7646     -23.1914 
    -72.2597    -118.8331 
    -68.5138      48.7707 
    -62.9849     -47.9806 
    -59.9993    -172.2861 
    -64.7389     -83.4378 
    -69.9833      15.0676 
    -66.8434     129.9066 
    -60.7856     -91.2566 
    -55.5706      11.2192 
    -57.4036     118.3887 
    -53.7785    -155.6585 
    -50.4894     -74.7543 
    -49.5901      -9.0442 
    -49.2556      59.8545 
    -52.4610     115.8525 
    -59.4643     143.8505 
    -60.4028      96.1747 
    -56.4628      99.7671 
    -57.9517     126.1786 
    -60.7595     156.4494 
    -66.7241     168.2234 
    -70.1792    -109.2922 
    -75.2376     -66.5198 
    -63.0805     -51.0202 
    -59.0472     -54.5114 
    -58.8745     -71.9410 
    -58.4804    -108.1015 
    -70.5634    -170.3604 
    -64.7407     -56.4298 
    -59.5475    -123.0972 
    -58.2629    -174.3602 
    -55.9047     120.7914 
    -57.4157      45.6297 
    -60.6730     -36.1362 
    -68.7780    -124.3426 
    -74.8431      31.4787 
    -73.2291     -66.4906 
    -68.2707    -154.5077 
    -64.1105     109.4454 
    -60.5233     159.1510 
    -64.5694    -128.1766 
    -61.0206       5.4118 
    -62.1755     175.8419 
    -57.6392     -90.4273 
    -58.0308       9.5057 
    -56.0312     101.0503 
    -51.9475    -163.9234 
    -52.0264     -98.4833 
    -50.7725     -36.0655 
    -52.0312       9.9309 
    -55.4099      48.2477 
    -61.8544      72.1662 
    -64.9799      50.2873 
    -67.4424      31.9855 
    -64.3811      35.9805 
    -69.1221      23.7712 
    -69.0560      22.8587 
    -81.0558     -38.6662 
    -65.1655    -125.7518 
    -65.0814    -160.5121 
    -82.2969     132.5874 
    -60.5606    -106.0566 
    -58.7223    -149.9163 
    -59.8327     177.9808 
    -58.3749     143.1126 
    -57.5526      74.9426 
    -59.5030       9.4396 
    -61.1990     -71.2667 
    -61.7680    -158.3293 
    -62.9423      66.4563 
    -64.5986     -56.3602 
    -68.9111     178.4681 
    -67.3959      77.0729 
    -67.6491      18.0395 
    -58.1589      74.5304 
    -59.9210     152.9615 
    -58.5337     -91.2637 
    -62.8716      23.7508 
    -60.0377     150.2958 
    -61.3673    -129.2643 
    -57.2851     -25.8695 
    -57.3662      89.5956 
    -55.3896     147.0508 
    -54.1155    -138.5049 
    -54.9595     -92.9332 
    -57.9768     -67.0529 
    -60.5856     -44.3071 
    -61.8602     -40.3370 
    -65.1526     -63.2429 
    -60.0780     -41.9519 
    -63.2864     -47.4905 
    -65.2696     -41.1817 
    -70.3812     -24.9720 
    -66.0769     -13.6817 
    -78.1448     -39.2242 
    -73.8933    -162.3850 
    -64.7153    -178.9812 
    -62.0160     154.0007 
    -60.8205     103.5421 
    -58.1088      28.2326 
    -57.6710     -43.3481 
    -58.7259    -122.6724 
    -59.5107     177.0028 
    -61.2061      81.4596 
    -61.6863     -14.1569 
    -62.1747    -125.8205 
    -62.9652      91.0554 
    -64.1044       1.3704 
    -66.1304    -113.4791 
    -59.9580     -12.6238 
    -63.3853      63.2009 
    -57.4824     170.7273 
    -61.2220     -66.9533 
    -60.5903       5.3883 
    -59.5189     104.7524 
    -61.9598    -140.6329 
    -62.0327     -74.8747 
    -57.0993      13.7070 
    -58.9340      92.7271 
    -56.2269     135.8512 
    -55.0115     177.0299 
    -61.3260    -153.4809 
    -65.7423    -119.0959 
    -69.0047    -154.2507 
    -65.8314    -135.8156 
    -61.7585    -156.1405 
    -63.2470    -120.9967 
    -63.1912    -106.3072 
    -61.9049     -86.2580 
    -63.8508    -115.2734 
    -61.6308    -151.2426 
    -65.4057     148.1207 
    -69.7786      46.9547 
    -69.8273     -42.4844 
    -63.3974     -92.3641 
    -59.1592    -159.6846 
    -58.3048     125.2741 
    -61.2914      33.6763 
    -63.4692     -38.9730 
    -62.6722    -116.6775 
    -65.9451     128.8441 
    -61.2573      13.8559 
    -63.0334    -108.8284 
    -63.5076     149.9815 
    -61.8571    -126.6678 
    -61.9399     -57.6375 
    -57.4358      76.2558 
    -63.9925     172.4547 
    -56.7018    -104.3515 
    -57.3002     -13.9907 
    -60.2975      54.5303 
    -59.6199     159.5342 
    -59.2284    -115.7319 
    -61.6187     -51.3854 
    -58.1250      28.2835 
    -58.6190      91.4921 
    -64.3506     100.5416 
    -68.6563     165.0832 
    -70.2392    -178.1989 
    -69.1143     158.8539 
    -61.1406     142.0534 
    -61.9763     148.4593 
    -61.1879     153.6203 
    -61.7285     144.4975 
    -60.8013     113.4972 
    -65.2394     107.7106 
    -70.7181      68.8613 
    -82.1573     -75.7267 
    -65.7161     171.2594 
    -62.8108     112.0262 
    -61.0073      68.8040 
    -59.9357       1.7597 
    -58.8159     -82.3937 
    -61.8587    -174.3659 
    -69.4607      96.6728 
    -62.9635      -5.2112 
    -61.8528     -95.4720 
    -59.4702     165.3421 
    -62.4714      68.1244 
    -60.3483     122.6394 
    -61.1205    -153.4546 
    -57.2859     -31.9211 
    -59.8109      49.1386 
    -54.6912     144.8633 
    -55.7917    -137.0884 
    -56.7267     -65.0969 
    -58.2610      27.3660 
    -61.3404     122.4976 
    -62.2262    -172.9272 
    -62.6724     -86.5382 
    -67.3973     -34.1622 
    -66.0862     -24.4288 
    -81.0288    -169.3180 
    -86.0261     -25.3026 
    -72.8412      41.8124 
    -66.5589      35.5710 
    -66.5955      27.7305 
    -64.1251      35.9016 
    -63.4338      21.0210 
    -62.3802      13.0743 
    -66.4304     -52.7386 
    -82.1135    -168.4558 
    -75.5034      63.3610 
    -65.0426      48.8657 
    -61.9439      -0.6687 
    -63.1044     -60.6996 
    -62.0228    -123.7406 
    -62.2850     155.4869 
    -60.6248      53.1684 
    -59.3045     -52.4709 
    -59.4265    -122.7502 
    -59.3791     160.6025 
    -59.6181      79.9800 
    -60.9909     -24.9073 
    -59.9743       7.2769 
    -61.0400      92.3429 
    -58.1689    -136.9006 
    -60.7620     -59.8715 
    -56.3117      40.9339 
    -56.0718     103.7556 
    -58.8960     176.0139 
    -60.4650    -113.2779 
    -66.6379     -66.7377 
    -64.8849       1.1687 
    -87.6475     126.0406 
    -70.2684     149.3706 
    -66.3708    -135.0519 
    -66.9164    -170.7267 
    -68.0894     -68.8569 
    -71.8590     -65.5472 
    -64.7563     -58.1987 
    -67.8588    -101.2603 
    -68.4452     -92.2167 
    -65.9050    -108.0927 
    -70.7965    -153.1851 
    -63.7645     176.6183 
    -64.8204      99.0679 
    -62.1472      -0.3211 
    -62.6981     -29.1693 
    -63.8658    -103.9147 
    -66.7911     165.4436 
    -70.4648      73.5906 
    -64.2081       1.8558 
    -59.1108     -70.3993 
    -57.7506    -153.9597 
    -58.3676     122.0725 
    -60.0585      42.1936 
    -61.2485     -45.9371 
    -61.9136    -128.6881 
    -59.4430    -102.7136 
    -62.2783     -20.6167 
    -58.8751      92.4555 
    -61.2371     166.4476 
    -56.8609     -95.6432 
    -56.0310     -15.6481 
    -57.1725      29.6406 
    -57.6165     109.5010 
    -59.2367     160.8204 
    -62.6769    -117.1966 
    -68.5893     -73.7039 
    -72.5616      26.0826 
    -81.0454     123.0402 
    -72.4368     111.0103 
    -65.4265    -109.7866 
    -68.4713    -140.7818 
    -66.1341     -89.1335 
    -77.7712    -114.5148 
    -66.1848      20.3906 
    -66.5785       6.9044 
    -65.0427      29.2666 
    -65.8264       9.0012 
    -61.3236     -33.8695 
    -59.2619     -77.3109 
    -64.6434    -120.1987 
    -65.2192    -175.6670 
    -69.9368      36.6422 
    -63.3609     -82.0844 
    -62.4607    -147.9541 
    -61.1797     167.7260 
    -58.5446      90.3493 
    -57.5768       5.6577 
    -58.5884     -82.2956 
    -60.2675    -162.1304 
    -62.9870     111.4344 
    -59.1617     135.3290 
    -62.9605    -173.1816 
    -60.3861     -33.6724 
    -61.9995      32.7726 
    -57.3684     153.5632 
    -59.0899    -134.1765 
    -56.5428     -83.1329 
    -59.0300       3.8494 
    -60.5030      30.4431 
    -66.6778      88.1171 
    -73.0946      71.6067 
    -82.3563      94.9883 
    -77.5205      81.8232 
    -80.8332      27.5277 
    -63.6990    -173.6669 
    -62.1165     151.9538 
    -62.0294    -129.5483 
    -64.3794    -138.4346 
    -61.7784     -81.5920 
    -59.7708    -103.3978 
    -64.2974    -126.2791 
    -61.3046    -145.1956 
    -59.8960    -154.5242 
    -60.5870     169.9732 
    -64.2442     111.7284 
    -74.0760     127.6587 
    -73.8949     -96.5086 
    -61.6150     175.9401 
    -60.1628      99.9913 
    -60.7903      16.1496 
    -59.2837     -38.4592 
    -58.1958    -107.4510 
    -58.4155     169.2489 
    -62.8558      77.0010 
    -66.4353     -17.7559 
    -57.9037      19.5355 
    -59.3206      65.2328 
    -58.9365    -174.2427 
    -60.6174     -94.7816 
    -62.7185      13.2942 
    -59.1951      71.6441 
    -58.1099     148.3612 
    -63.3066    -142.2679 
    -57.4154     -99.3489 
    -61.4256     -40.7488 
    -60.8163     -10.8022 
    -69.8311      50.0940 
    -68.9827      22.9298 
    -73.3476       0.6006 
    -64.0353      78.4697 
    -60.9050      62.8525 
    -70.5769     103.5491 
    -63.3224     115.8938 
    -68.4038     123.9664 
    -62.3675     122.0666 
    -62.0894      96.0539 
    -62.0063      97.3478 
    -62.2704      80.6486 
    -61.7142      47.6147 
    -63.5459       6.2899 
    -75.2611     -97.9667 
    -81.3921      68.3180 
    -68.1761      79.0751 
    -61.5938     -23.0425 
    -59.0871     -94.3915 
    -61.0088    -157.6793 
    -61.9784     139.6176 
    -61.8312      52.3363 
    -61.5513     -55.3602 
    -62.7289    -161.4287 
    -59.7885     -93.1697 
    -60.1172     -43.9186 
    -60.2967      80.6657 
    -62.9844     134.8054 
    -61.2078    -118.1352 
    -60.8750     -41.8627 
    -59.9431      30.8176 
    -66.6727      91.8919 
    -58.5923     166.7220 
    -68.8520    -141.8633 
    -64.4386    -107.4704 
    -79.7826    -128.8357 
    -68.5578     -82.7344 
    -68.4598     -87.8609 
    -63.0208     -40.4939 
    -61.4456     -51.4396 
    -64.1347     -57.2984 
    -63.4940     -31.1065 
    -61.4636     -49.5858 
    -60.7050     -28.5813 
    -59.0782     -52.4160 
    -64.4117     -71.7054 
    -66.2962     -76.4083 
    -65.6791     -91.4661 
    -69.1520    -143.6684 
    -75.5213     107.0821 
    -67.3640     -18.3179 
    -68.8604    -104.2064 
    -62.5365    -131.6947 
    -61.9462     161.1293 
    -63.9741      72.3380 
    -67.0121     -23.2703 
    -66.3912     -77.6168 
    -63.4494    -164.0362 
    -62.1757      85.2387 
