     -65.4532     158.1830 
    -65.3687      83.6837 
    -55.0895     -78.9449 
    -64.6620      83.5107 
    -65.4545      15.2590 
    -60.5932     144.2814 
    -67.5164     -33.4224 
    -57.9838     162.0430 
    -69.5402      83.6699 
    -55.4254    -134.7529 
    -73.5187      26.8568 
    -58.6334    -105.8911 
    -68.4113     102.6053 
    -57.6063     -95.9644 
    -57.2230     161.0766 
    -59.9868     -69.0238 
    -51.7809    -154.8293 
    -65.5880    -142.9562 
    -49.2448    -120.9444 
    -57.5296     175.2134 
    -53.8747     -89.4718 
    -55.3525    -166.3169 
    -64.5976      29.8511 
    -60.0146    -136.8980 
    -59.9387      95.9145 
    -60.2745      13.1265 
    -62.2309      17.6255 
    -58.5406     -14.5391 
    -61.4058      -6.8474 
    -66.0669      14.2107 
    -63.1484      37.5938 
    -59.5852       0.8295 
    -68.4680     -40.2490 
    -72.8645       7.5471 
    -65.3360    -163.7811 
    -59.1750      72.8614 
    -56.0206      -0.2935 
    -56.9726     175.3757 
    -74.3952     -19.1910 
    -72.4457     -66.2590 
    -65.2502      19.0267 
    -59.2523    -129.5875 
    -65.6287      26.3134 
    -58.6449     -39.3534 
    -59.1756      50.9388 
    -66.6500     -16.3275 
    -58.8970      93.9525 
    -60.1282       6.3331 
    -66.3303     121.6056 
    -57.4155      29.9581 
    -62.0946     -80.6697 
    -56.1601      28.3141 
    -52.9917     -36.2538 
    -61.8338      48.0672 
    -52.6608       3.5353 
    -72.1476     -51.9231 
    -57.1790      37.9479 
    -65.7587     -34.2635 
    -64.5925      73.5136 
    -77.6786     132.0762 
    -59.9316      93.2638 
    -66.4022      61.3179 
    -61.9684     101.4591 
    -67.6952     111.1088 
    -57.8330     125.8622 
    -56.8986      42.5665 
    -66.8727    -112.0691 
    -66.1621      88.5916 
    -67.6145    -118.9269 
    -62.1744     121.7733 
    -53.5319     137.9059 
    -66.7541     -33.2520 
    -59.5274     -93.5149 
    -58.4385      45.5682 
    -63.7562      97.2357 
    -65.0294      85.4208 
    -61.2353     -98.3224 
    -56.5299      91.5518 
    -68.5625      23.4951 
    -55.2970     149.7839 
    -64.9629    -147.4243 
    -57.4606     179.8942 
    -69.1689     -71.0842 
    -58.3387    -153.7525 
    -69.1245     179.6400 
    -59.8561     -82.8751 
    -62.8986      77.7773 
    -57.4468      -0.9610 
    -62.3959     154.6005 
    -59.6677      59.2822 
    -59.3163     169.4373 
    -61.2013      90.3937 
    -61.4518    -130.0953 
    -61.4821     127.5238 
    -63.4623    -130.3366 
    -56.6707     151.4966 
    -65.9044     105.8789 
    -60.1593     144.1592 
    -66.1590      -7.2858 
    -55.6294    -142.6911 
    -59.4246     119.0561 
    -65.1683    -113.6799 
    -64.4594     118.7717 
    -60.2276     -57.0997 
    -58.8660    -172.5192 
    -56.5647    -164.5889 
    -57.0634      26.1318 
    -71.1122    -141.9082 
    -56.9612     160.2148 
    -59.8438     -91.0322 
    -65.8428     -10.3275 
    -83.0200      88.3554 
    -55.2284     162.1854 
    -60.7148     -99.4082 
    -55.1912    -118.5359 
    -57.8697     -43.5192 
    -58.4237     -73.2952 
    -61.1130     -17.4520 
    -60.1997     -18.4419 
    -57.8402       6.3181 
    -60.4782      33.1941 
    -55.1040      88.2509 
    -60.8602      72.2839 
    -53.5296     137.7187 
    -56.1029      74.1339 
    -60.5499    -144.0509 
    -60.4912      72.8207 
    -54.2425     -71.5266 
    -62.1843     156.1362 
    -56.3210     -32.7509 
    -57.1102    -137.4252 
    -65.5820    -113.5814 
    -55.1436    -154.8012 
    -56.9766      96.4897 
    -57.3095     -36.9967 
    -75.5388    -165.3442 
    -60.9736     -71.4537 
    -57.8010     160.0241 
    -59.1254      10.3920 
    -60.1297     -90.9339 
    -71.6869    -122.2525 
    -57.9324      72.6950 
    -58.2844    -118.0417 
    -63.7067     -61.2996 
    -64.0660      21.8523 
    -62.7031     161.1018 
    -59.1845     -60.4718 
    -59.9005     -72.8518 
    -51.9598      14.1158 
    -59.9784      29.2550 
    -55.2994      77.0301 
    -57.3067      79.9770 
    -57.3594     112.2350 
    -53.9458     148.5392 
    -56.1099     154.1729 
    -54.2296    -158.4486 
    -51.9467    -162.5121 
    -51.2792    -136.0147 
    -47.7803    -145.4028 
    -54.4917    -161.5829 
    -49.0343    -133.4072 
    -52.3006     142.3020 
    -60.4116      13.2852 
    -55.3377     159.3758 
    -57.1036      63.9922 
    -72.3728      69.2634 
    -55.0945      19.3291 
    -51.7317     -62.7751 
    -57.2254    -161.0816 
    -64.9938     166.4564 
    -56.2457     100.8740 
    -53.4727      -4.5666 
    -57.8138    -124.8472 
    -60.1669      75.4551 
    -70.5421      16.2765 
    -59.0403    -128.8203 
    -71.1363     -26.4532 
    -53.4100     -34.8764 
    -56.9308      74.5450 
    -70.3259      67.6294 
    -62.6866     -67.2966 
    -57.3774      16.5920 
    -58.7606     108.9309 
    -52.9294     123.5467 
    -57.8863    -160.5494 
    -54.4614    -145.0753 
    -57.2739    -117.7258 
    -54.1038     -74.0477 
    -51.1220     -85.1481 
    -52.8869     -42.6099 
    -50.1888     -38.2599 
    -52.0065     -26.6871 
    -47.3452     -22.9660 
    -48.3784     -52.5265 
    -49.3514     -15.8887 
    -46.4083     -39.8767 
    -56.2196     -80.0649 
    -54.9173     -41.9738 
    -49.3162    -118.5747 
    -56.8353    -175.0167 
    -52.2316    -154.9605 
    -51.0135     122.8821 
    -52.0185      31.6476 
    -54.8784     -36.3739 
    -53.8144     -69.0175 
    -51.3193    -161.4408 
    -53.1495      86.0289 
    -61.3816     -26.2712 
    -70.3024      30.2796 
    -64.3111    -145.9348 
    -60.0165     -94.4538 
    -54.7415      75.3282 
    -65.4439      56.1843 
    -56.0832    -166.3514 
    -60.9167      19.5713 
    -60.2719      47.0700 
    -53.6029     151.4514 
    -52.3988    -147.0528 
    -53.2038     -92.9882 
    -52.7701     -28.8248 
    -54.1182      -4.0936 
    -55.3130      24.2624 
    -50.0725      44.0773 
    -52.2847      50.9660 
    -48.9838      98.4863 
    -51.2757     105.8644 
    -47.6468     118.3937 
    -49.8224      94.5594 
    -51.5446      92.8737 
    -46.3315      88.7729 
    -46.9678      49.5318 
    -55.3559      44.2289 
    -50.9635      30.6550 
    -52.8145     -32.7520 
    -56.0287     -17.8244 
    -49.6400     -53.1331 
    -50.7162    -119.2254 
    -57.4070    -174.5770 
    -53.9979     111.7276 
    -50.4027      34.0598 
    -52.1609     -67.0815 
    -57.0621    -176.3223 
    -57.9565     133.7984 
    -56.6929      59.4523 
    -57.5214     -68.7295 
    -64.6888      64.3320 
    -53.0332     131.7804 
    -66.7645      28.3270 
    -57.2930     -69.0255 
    -53.1227     106.6277 
    -62.8438     166.9718 
    -51.7546    -104.8166 
    -51.7913     -28.4664 
    -49.7843      22.3873 
    -50.0888      76.1935 
    -49.8837      96.3104 
    -49.6219     145.0332 
    -47.6311     145.8592 
    -50.7473     173.3731 
    -49.9735    -163.7274 
    -51.1018    -144.6220 
    -52.1027    -130.7920 
    -59.0691     -91.5552 
    -57.8798    -119.2938 
    -52.8558     176.9519 
    -56.9901     141.9130 
    -54.3509     148.1431 
    -52.7188     121.3928 
    -56.8959      67.6524 
    -53.4971      80.9934 
    -48.0350      26.4721 
    -49.0475      -1.8593 
    -50.4688     -41.4687 
    -50.3226    -124.4183 
    -51.4805     127.7411 
    -54.9957      33.1742 
    -60.2995     -10.4646 
    -55.7726    -105.7048 
    -53.9407     141.6196 
    -60.3161      18.2406 
    -58.5444    -154.6890 
    -53.3057    -124.9369 
    -57.8138       2.7358 
    -58.1330      62.4166 
    -51.9938    -170.1067 
    -59.6355     -61.5295 
    -51.7055       3.1030 
    -48.3859     101.1696 
    -49.1404     144.2216 
    -49.5379    -169.3370 
    -52.0868    -150.0842 
    -48.8324    -121.6772 
    -50.4724    -110.4851 
    -51.7243     -77.4519 
    -52.8425     -18.3645 
    -50.2695       3.4687 
    -51.3877      54.9298 
    -48.7941      57.3983 
    -50.0570      68.8819 
    -50.2781      59.4172 
    -56.8274      51.7489 
    -62.1508     156.7242 
    -58.0593     143.7529 
    -57.5656      78.9994 
    -62.6258      70.4334 
    -55.0725     129.7905 
    -51.3597     113.8356 
    -47.7258      55.9491 
    -50.0533     -11.8552 
    -55.6716    -108.4654 
    -53.2132    -178.9794 
    -57.3959      92.0012 
    -56.3915     -36.7391 
    -55.8912    -130.6921 
    -63.5020    -160.9323 
    -54.7734     -88.0541 
    -55.0163       5.8588 
    -57.2789     125.8947 
    -55.9773     163.7660 
    -52.1119     -84.4209 
    -56.3409      72.5099 
    -55.1945     126.5472 
    -48.6725    -152.4973 
    -53.8238    -120.1923 
    -51.8186     -82.9920 
    -57.6880     -76.8607 
    -50.6924     -55.7218 
    -54.3071     -52.1588 
    -56.1852     -58.0836 
    -57.5248    -140.0825 
    -51.2952    -106.8690 
    -47.7935    -137.5369 
    -51.6783    -130.8231 
    -47.1351    -142.6000 
    -47.0615    -161.5930 
    -50.0250    -149.3239 
    -48.6776    -159.8753 
    -50.6660    -169.4955 
    -50.7997     157.6221 
    -55.2974     138.1753 
    -58.1408     116.9353 
    -53.5492     176.3179 
    -46.9793     139.0561 
    -47.6996      93.7158 
    -50.8575      21.7533 
    -52.6996     -55.6930 
    -55.6195    -141.5904 
    -62.1656      70.3094 
    -64.5404     -62.7179 
    -54.1103     -74.6628 
    -54.0266       6.4666 
    -50.7064      92.4793 
    -56.3209    -130.8729 
    -54.3656    -127.9912 
    -54.5585       3.6009 
    -57.5610    -176.4106 
    -57.4153     -86.9329 
    -49.8906     -64.6363 
    -54.2549      15.2312 
    -64.0013     -53.8181 
    -55.9686     -17.8041 
    -50.8204     -14.1427 
    -49.4816      25.0582 
    -48.4082       7.9570 
    -51.1521      19.8771 
    -44.1766      11.0193 
    -45.8893       1.8268 
    -43.7807       9.1478 
    -44.9150     -37.5387 
    -48.9591     -35.5032 
    -47.1749     -56.0968 
    -46.6947     -74.4521 
    -47.1369     -85.6213 
    -48.7138    -112.8826 
    -48.6709    -157.4366 
    -48.1627     172.1776 
    -60.7219     158.0133 
    -51.1923    -139.8464 
    -48.2727    -166.7859 
    -46.8153     128.3663 
    -48.3819      42.1579 
    -52.8411     -34.3451 
    -59.8631    -107.8266 
    -66.2352      85.9494 
    -50.9629      10.4120 
    -55.9308     125.5643 
    -49.5943    -179.9297 
    -51.3459     -55.9408 
    -58.7924     -85.7494 
    -61.4590      47.7870 
    -53.6869     -77.9653 
    -50.5754      13.9946 
    -55.6099      66.0146 
    -55.4577     153.6836 
    -50.9108     -57.9907 
    -49.8623      14.0824 
    -47.3059      42.0722 
    -46.5171      87.6934 
    -45.3061      74.5782 
    -46.3887     111.3050 
    -43.3611     106.9070 
    -44.0200     143.1637 
    -42.8902     133.3896 
    -49.1917     137.7948 
    -48.0645     137.2599 
    -52.1331      59.2899 
    -53.0677      33.2725 
    -49.2430      25.8417 
    -50.5060      -7.4476 
    -46.3513     -46.0164 
    -46.1370    -100.0688 
    -48.1822    -131.9737 
    -54.4596    -140.2556 
    -50.1318    -106.3965 
    -44.9535    -149.1145 
    -47.1470     134.6692 
    -50.5245      63.2645 
    -52.8985     -11.9578 
    -54.0462    -108.3645 
    -48.9952      87.1205 
    -52.1009    -134.7994 
    -51.8270     -99.1213 
    -51.4840      24.8333 
    -64.0596     -82.1635 
    -62.4305      30.0612 
    -55.3052      12.2603 
    -50.8218     100.2501 
    -53.7702    -141.0420 
    -54.3588     -17.3192 
    -47.1670      49.0521 
    -44.6833     116.6365 
    -45.4953     153.8592 
    -43.5488     177.8637 
    -45.9486    -177.5486 
    -43.9323    -141.6794 
    -44.1296    -134.7927 
    -41.5357    -107.8326 
    -42.8168    -111.9223 
    -41.7738     -90.2027 
    -42.9754    -102.6953 
    -49.2093     -84.9073 
    -56.9448     -97.2046 
    -60.7380    -126.5493 
    -55.2309     159.6248 
    -49.6096      68.2129 
    -46.1690      -7.4688 
    -45.2250     -52.5976 
    -49.8413     -93.0484 
    -51.6824     -55.4503 
    -46.2399     -75.2769 
    -46.4042    -144.2892 
    -48.5559     160.7921 
    -48.8484      77.4197 
    -52.3979     -25.6254 
    -49.1000     166.8620 
    -46.6970     -57.9919 
    -55.2448      -3.8116 
    -56.0406      72.9651 
    -53.0140     -66.0446 
    -55.0965      61.3445 
    -59.6950      75.0872 
    -54.3334     161.6918 
    -53.9775     -23.8047 
    -48.8705     103.9991 
    -48.0044     151.8939 
    -43.5847    -140.7138 
    -46.5368     -76.9348 
    -46.1493     -56.9059 
    -46.7297      19.0435 
    -45.6526      24.4133 
    -42.1633      59.7464 
    -41.2847      57.1885 
    -39.8401      73.7471 
    -38.9148      51.0971 
    -39.9495      44.7052 
    -39.9912      38.3994 
    -43.6286      11.3042 
    -44.6282      -3.6138 
    -46.5453     -52.6839 
    -51.7369    -162.3009 
    -47.2605      87.0962 
    -44.1178      11.2336 
    -46.4652     -45.3491 
    -50.1008     -19.2039 
    -46.8236     -39.1336 
    -46.4271     -82.2951 
    -49.7647    -114.7980 
    -48.5223     168.4070 
    -49.2803      46.2088 
    -50.2408     -96.7586 
    -43.5654      16.9029 
    -51.7178     138.5602 
    -61.3663    -154.4214 
    -55.7266       1.6972 
    -54.1775     132.7745 
    -69.6906     -70.7119 
    -69.7413    -114.0738 
    -51.9588      50.7350 
    -44.8854     168.6575 
    -47.5888    -105.0823 
    -47.0972     -27.4449 
    -43.3855      66.7906 
    -42.7951     129.2875 
    -39.4883     156.5072 
    -40.3491     174.1303 
    -37.3671     176.7016 
    -37.0700    -178.6015 
    -35.2831    -174.9612 
    -36.7517     169.3987 
    -37.5279     157.6109 
    -38.8489     142.6178 
    -39.3410     122.0432 
    -38.2466      92.8912 
    -40.5224      50.4563 
    -43.8240     -13.1661 
    -50.6547    -107.6945 
    -46.3486     105.9282 
    -42.6585      36.4121 
    -47.7589      19.5588 
    -45.0667       7.0370 
    -46.2086     -18.3167 
    -49.1944     -52.7464 
    -49.4342    -121.5901 
    -48.4637     131.5894 
    -48.3505       4.0409 
    -43.0449      82.6257 
    -47.4342    -124.1986 
    -51.2125      22.8485 
    -59.5500      63.4607 
    -62.4508    -174.6532 
    -51.6851      39.5524 
    -49.0246     131.5475 
    -47.1336     174.0978 
    -42.7634    -108.3307 
    -45.8152      -6.7780 
    -47.9590      79.8372 
    -39.7849     168.9542 
    -37.9701    -135.5436 
    -35.4722    -125.8727 
    -33.4570    -109.8440 
    -30.8833    -100.7948 
    -29.1622     -89.2586 
    -28.8086     -83.3576 
    -29.7300     -86.8971 
    -32.1745    -101.7432 
    -35.1139    -121.4422 
    -37.0289    -148.9532 
    -36.3351    -175.6160 
    -36.5886     139.7366 
    -37.6873      82.1059 
    -44.5087      11.7964 
    -59.1844    -105.7027 
    -46.3880     118.5077 
    -43.9054      73.1088 
    -43.2476      45.2440 
    -48.8559      27.5822 
    -48.6805      43.7337 
    -45.7706     -23.1497 
    -48.0579    -146.7136 
    -44.1668      85.4537 
    -42.3932     142.1914 
    -44.9759     -67.9262 
    -47.5386      91.2498 
    -53.9904    -110.1714 
    -53.5305      25.9153 
    -45.6037     107.3599 
    -43.9189    -164.0479 
    -44.8374     -97.7354 
    -44.2212     -36.9411 
    -43.5335      75.9867 
    -40.0172     170.8047 
    -35.6217    -121.9011 
    -32.5586     -71.0646 
    -30.8085     -44.4358 
    -29.0767     -21.5197 
    -27.7586      -8.2258 
    -26.6941       3.6391 
    -26.8454       8.1090 
    -28.0660       4.6629 
    -30.5278      -6.6950 
    -32.9284     -19.9244 
    -33.9968     -55.0447 
    -34.4911     -95.5161 
    -34.3993    -144.6937 
    -34.7253     163.1575 
    -39.4063      97.6153 
    -48.1348      48.0046 
    -51.2468     166.2735 
    -43.6077     140.3163 
    -40.8117      98.7172 
    -45.0502      37.2171 
    -49.8777     152.1420 
    -42.8447      60.7805 
    -44.1918     -73.9174 
    -42.3020     149.8829 
    -42.6289    -159.6048 
    -41.4678      -4.7827 
    -43.1252     140.6206 
    -45.8504     -47.3279 
    -43.9372      96.7947 
    -41.7157     173.3864 
    -40.7883     -97.7224 
    -44.3881     -16.5418 
    -45.9981      53.5016 
    -38.5573     170.5410 
    -32.9695    -102.2836 
    -29.8550     -42.6845 
    -28.4766       9.4657 
    -29.5576      40.9022 
    -28.7791      61.1564 
    -27.4096      75.9354 
    -25.8437      87.7926 
    -25.6791      90.6118 
    -26.4488      86.8735 
    -28.9338      76.9426 
    -32.6339      66.9358 
    -33.0586      47.9474 
    -33.0518      -3.8672 
    -31.6779     -66.9200 
    -31.9599    -129.0794 
    -34.3709     167.2235 
    -41.8919     107.6648 
    -56.2167     128.7611 
    -47.1593    -163.3230 
    -38.9566     154.0888 
    -40.1419      84.0609 
    -47.1947    -109.9022 
    -39.3379     128.9074 
    -40.4129       6.9647 
    -40.6122    -158.3085 
    -41.5469     -96.9084 
    -39.2295      58.4539 
    -39.2980    -160.2052 
    -40.9280       3.4944 
    -40.9798     148.3331 
    -39.3844    -125.4509 
    -38.7264     -26.7878 
    -44.8383      57.4825 
    -41.3091     156.8804 
    -34.2871    -103.9826 
    -29.6505     -28.3812 
    -27.7173      33.2581 
    -27.9578      84.9563 
    -30.1824     114.2055 
    -29.1339     134.8162 
    -27.0552     154.5538 
    -24.6176     170.8398 
    -24.0762     177.7260 
    -25.2547     175.0137 
    -27.9980     163.2587 
    -31.1184     148.2728 
    -31.8813     133.5456 
    -32.2616      81.3057 
    -30.8266       9.2884 
    -29.8767     -62.5179 
    -31.2671    -128.0481 
    -36.2500     172.4790 
    -43.7795     152.5501 
    -53.8960     -57.3067 
    -37.6218    -150.1228 
    -36.7576     126.7213 
    -42.0339     -34.6766 
    -36.6339    -178.0012 
    -38.0010      62.2746 
    -38.5841    -103.7502 
    -40.3854     -38.3555 
    -37.4998     111.6577 
    -37.1393    -104.7627 
    -39.0919      48.6828 
    -38.5618    -177.0407 
    -37.0439     -70.7530 
    -37.1276      40.2998 
    -39.6193     131.1799 
    -35.3388    -121.3226 
    -31.4317     -40.3988 
    -27.8277      31.5675 
    -26.6767      98.0443 
    -27.1523     153.7922 
    -28.9151    -161.9430 
    -27.9239    -133.0586 
    -25.1759    -110.5469 
    -22.5103     -96.6411 
    -21.8887     -91.3817 
    -23.0829     -95.9654 
    -25.3848    -107.7086 
    -27.3139    -120.6766 
    -27.4748    -147.9616 
    -28.7738     158.1953 
    -29.7053      76.3226 
    -28.3456      -0.5484 
    -28.7085     -70.0539 
    -32.0546    -126.0754 
    -37.6924     176.8115 
    -43.4835      72.3824 
    -35.8673     -94.1618 
    -34.0250     173.9262 
    -39.4827      26.6353 
    -34.4877    -133.4773 
    -35.3632     110.2441 
    -37.8258     -51.2212 
    -39.0505       8.3269 
    -35.9668     154.8156 
    -35.9478     -64.1833 
    -37.0507      76.6206 
    -35.1762    -143.1666 
    -34.1979     -19.4498 
    -35.6027      96.5087 
    -34.6523    -163.1794 
    -31.7127     -61.7053 
    -28.9406       9.4425 
    -26.3474      82.1497 
    -25.4952     153.6459 
    -25.6448    -139.0340 
    -25.5483     -77.8189 
    -24.1582     -43.1554 
    -21.2312     -29.1869 
    -18.4237     -21.7211 
    -17.8396     -21.0643 
    -19.0695     -26.9288 
    -21.6297     -34.6421 
    -23.1221     -44.5228 
    -22.9463     -76.9263 
    -24.5404    -131.0452 
    -26.3648     145.6467 
    -27.3472      56.0766 
    -26.8590     -16.8281 
    -29.0742     -71.4201 
    -31.4015    -140.1726 
    -36.5515     124.4880 
    -33.8844     -43.5236 
    -32.2010    -149.5977 
    -36.9629      72.7744 
    -32.7519     -92.4727 
    -33.5252     146.0760 
    -36.7993      -7.3316 
    -36.9962      38.1031 
    -34.1334    -174.6447 
    -34.5876     -38.2738 
    -33.6500     104.1224 
    -32.3013    -105.7320 
    -32.0205      25.9050 
    -32.4785     132.4280 
    -30.8041    -113.2987 
    -29.7539     -19.8880 
    -27.2824      50.8396 
    -24.9083     121.7966 
    -23.5809    -162.6406 
    -22.5916     -83.8673 
    -21.4672     -20.8589 
    -20.2536      13.3608 
    -17.9734      24.4527 
    -15.3950      28.8723 
    -14.4691      29.1602 
    -15.3827      24.3357 
    -17.9749      18.9813 
    -19.2233      10.3751 
    -19.5832     -21.6387 
    -21.3106     -74.8482 
    -24.5912    -154.4156 
    -26.8083     104.5366 
    -26.4196      23.7186 
    -27.7073     -24.8609 
    -28.0927     -97.7464 
    -32.6137     160.8177 
    -32.1833       3.6287 
    -30.1244    -115.8517 
    -35.8167     115.7390 
    -32.1037     -57.9104 
    -31.1562     178.7796 
    -36.4638      31.3680 
    -34.9956      60.5874 
    -32.4930    -147.3319 
    -32.3072     -16.0387 
    -31.4986     135.4345 
    -30.7787     -73.4411 
    -31.2430      60.4707 
    -29.2821     168.3037 
    -28.9390     -73.2341 
    -28.1595       8.0909 
    -25.9617      81.9432 
    -23.4286     153.0208 
    -21.3323    -127.5116 
    -19.8129     -44.1469 
    -18.2615      16.9125 
    -17.0794      47.2452 
    -14.5501      54.5620 
    -12.0345      60.8572 
    -11.2483      63.2840 
    -12.4970      59.0679 
    -15.2771      51.9973 
    -17.2156      45.7850 
    -17.5457      15.4498 
    -19.0740     -39.8720 
    -22.9039    -121.0710 
    -25.3978     135.4660 
    -25.4570      49.4732 
    -27.3981      -0.1605 
    -26.3343     -66.0418 
    -29.6719    -170.0477 
    -31.2862      39.2779 
    -28.6752     -87.6954 
    -34.9767     135.7074 
    -31.9918     -36.1301 
    -30.1297    -155.6058 
    -34.7863      57.2710 
    -33.1708      76.4604 
    -31.4415    -132.6806 
    -30.8480       0.4001 
    -30.1195     156.1569 
    -29.6811     -54.6511 
    -30.3390      77.6808 
    -27.3437    -169.2256 
    -28.2611     -53.1094 
    -26.8820      24.8079 
    -24.6443     100.3839 
    -21.6125     173.7376 
    -19.0448    -103.5518 
    -17.6611     -20.9596 
    -16.1496      39.0932 
    -14.7316      65.6696 
    -11.6748      75.0246 
     -9.2920      84.3623 
     -8.7944      86.7937 
     -9.7494      82.7753 
    -12.2915      72.4171 
    -15.2705      61.5588 
    -16.0935      35.2070 
    -17.3045     -19.4855 
    -20.3605     -99.2874 
    -23.3613     160.5355 
    -23.4051      71.9366 
    -25.8597      12.9403 
    -25.9947     -43.3880 
    -28.5992    -149.2248 
    -31.4035      61.9212 
    -27.1202     -63.7690 
    -32.9329     156.5499 
    -30.6886     -20.2463 
    -29.0792    -137.1919 
    -34.0762      82.5904 
    -31.9742      90.4768 
    -30.4724    -120.3547 
    -29.8120      11.3192 
    -29.6392     169.3333 
    -28.9934     -42.0140 
    -29.2029      89.3125 
    -26.0825    -152.7371 
    -27.4124     -43.6114 
    -25.6461      35.3685 
    -23.4510     110.9703 
    -20.0725    -170.5913 
    -17.9293     -86.8757 
    -16.3325      -9.9019 
    -14.6581      49.2048 
    -12.6118      75.2708 
     -9.6558      89.7851 
     -7.9115      97.6914 
     -7.3885      98.5959 
     -8.2387      96.0026 
    -10.2366      86.4008 
    -12.9711      69.9294 
    -14.4359      44.8878 
    -15.8272      -8.0579 
    -18.8152     -85.1773 
    -21.7001     173.9954 
    -22.4616      87.2261 
    -24.3094      21.5412 
    -26.0216     -35.4505 
    -27.7977    -137.1121 
    -31.0626      72.6678 
    -26.6813     -48.9294 
    -32.2206     168.8624 
    -29.9000      -7.7197 
    -28.5871    -124.9725 
    -33.6789      92.8466 
    -31.7904      94.2008 
    -30.3116    -118.3772 
    -29.2355      15.5139 
    -29.1319     172.4646 
    -28.4383     -41.0451 
    -29.0616      91.3909 
    -25.7545    -148.4279 
    -26.9371     -42.4989 
    -25.2739      39.2699 
    -22.7276     113.8407 
    -19.3461    -164.8383 
    -17.4896     -81.2497 
    -16.0514      -8.4477 
    -14.0930      51.2325 
    -11.9515      80.1897 
     -9.2987      96.1200 
     -7.3002     102.3286 
     -6.6529     102.9234 
     -7.5372     101.1227 
     -9.5590      92.7203 
    -12.0764      73.8910 
    -14.1165      48.6393 
    -15.6215      -3.6293 
    -18.4554     -77.5080 
    -20.6725    -177.3388 
    -21.6468      94.0700 
    -23.7680      27.7673 
    -26.5642     -30.4741 
    -28.3077    -132.6278 
    -30.9573      76.6667 
    -26.5241     -40.7908 
    -31.7572     178.7764 
    -29.4903       1.8011 
    -28.1492    -119.3218 
    -34.1070      99.6009 
    -32.3137      89.8296 
    -30.2773    -120.4665 
    -29.2061      14.4531 
    -29.0869     170.3968 
    -28.6078     -45.0356 
    -29.2189      88.4031 
    -25.9714    -150.1843 
    -27.0545     -44.4807 
    -25.5471      36.4319 
    -23.4206     110.5404 
    -19.7046    -169.4067 
    -17.7444     -83.9610 
    -16.1885      -8.9291 
    -14.6564      51.4128 
    -12.7666      79.4192 
     -9.8139      94.8034 
     -7.8238     101.9736 
     -7.0795     102.5270 
     -8.0011     100.4592 
     -9.7229      90.2182 
    -12.8862      70.7964 
    -14.6896      47.7556 
    -16.1499      -4.9593 
    -18.9570     -81.7135 
    -20.8778     178.0715 
    -21.9132      93.7637 
    -24.2365      23.9895 
    -27.3514     -31.5445 
    -28.9090    -136.3503 
    -30.4925      75.0876 
    -27.1282     -41.9912 
    -32.8342     177.7531 
    -29.6441       0.2242 
    -28.4937    -118.5692 
    -34.6767      93.0497 
    -32.4245      76.5716 
    -30.7212    -134.8296 
    -30.2768       4.7765 
    -29.6209     158.7668 
    -29.4906     -59.4920 
    -29.8800      77.8502 
    -26.8552    -163.5211 
    -27.3339     -52.6102 
    -26.7231      25.0107 
    -24.4768      99.2892 
    -21.1954     176.9375 
    -18.8485     -97.5339 
    -17.3153     -18.4698 
    -16.0401      42.9940 
    -14.6990      71.8157 
    -11.8526      83.8067 
     -9.3101      92.2362 
     -8.6962      93.9932 
     -9.1944      91.0309 
    -11.2862      78.5063 
    -14.7400      63.1534 
    -16.0532      41.6247 
    -17.3714     -11.6210 
    -20.1199     -92.2918 
    -21.8509     168.2151 
    -22.5447      86.9481 
    -25.8376      17.0515 
    -27.9258     -35.2705 
    -30.2063    -148.7540 
    -30.4177      70.8858 
    -27.9813     -49.9619 
    -34.5180     170.9477 
    -30.1876      -6.0759 
    -29.0641    -124.8270 
    -35.6837      84.3754 
    -33.2607      60.0889 
    -31.3213    -151.5348 
    -31.1723      -9.3784 
    -30.7345     142.6629 
    -30.5041     -76.5574 
    -31.2016      63.3037 
    -28.6785     176.7310 
    -27.9257     -67.9967 
    -27.9711       8.9614 
    -25.4878      81.9952 
    -22.7766     158.5656 
    -20.8263    -117.8532 
    -19.5289     -37.7865 
    -18.0772      24.9909 
    -17.2527      57.9199 
    -15.0406      66.2357 
    -12.2439      72.8172 
    -11.2395      75.3035 
    -12.0080      71.5823 
    -14.2979      61.2936 
    -17.2525      50.4741 
    -18.0044      24.9895 
    -19.2667     -30.4253 
    -22.0660    -115.5813 
    -22.9570     149.9822 
    -24.2202      71.4865 
    -27.6967       4.5029 
    -28.8048     -51.2941 
    -31.6203    -171.0193 
    -30.5539      57.7332 
    -29.8878     -65.7253 
    -37.3600     151.2292 
    -30.9939     -20.3625 
    -30.3626    -136.3033 
    -36.8062      65.0159 
    -34.5018      37.7435 
    -32.3299    -177.4986 
    -32.3675     -32.5515 
    -32.1225     119.2067 
    -31.8787    -102.6044 
    -32.1432      32.7471 
    -31.3877     148.6681 
    -29.2672     -97.7432 
    -29.8375     -12.7253 
    -26.9874      55.2074 
    -24.3342     129.5891 
    -22.5895    -150.6664 
    -21.8512     -72.3305 
    -20.6319      -6.6511 
    -19.9528      31.3969 
    -18.5988      41.5667 
    -15.7381      44.3740 
    -14.5039      44.3654 
    -14.9137      42.0281 
    -17.1978      35.2128 
    -19.5426      23.6753 
    -20.5295      -5.7765 
    -21.9563     -62.3955 
    -23.8323    -148.5434 
    -24.2954     124.2979 
    -25.9303      49.6314 
    -29.3621      -9.4415 
    -30.5188     -79.6525 
    -33.8312     160.4108 
    -31.6468      33.2088 
    -32.1096     -85.2173 
    -38.6377     121.3915 
    -31.6299     -40.0415 
    -31.8001    -155.4689 
    -38.3548      44.1329 
    -35.8894       4.2907 
    -34.1084     155.8115 
    -33.7325     -55.4442 
    -34.4179      87.6151 
    -34.0164    -137.9693 
    -33.3872      -8.9706 
    -34.4341     117.2426 
    -32.4371    -136.0746 
    -31.2916     -45.0477 
    -29.0175      21.2894 
    -26.2040      92.1200 
    -24.7111     165.1187 
    -24.2962    -124.7555 
    -23.8375     -58.0872 
    -23.2500     -18.3192 
    -21.5294      -6.7121 
    -19.1587      -3.5641 
    -17.8733      -4.2926 
    -18.3904      -5.7354 
    -20.2431     -13.4402 
    -22.4866     -27.6005 
    -23.4454     -59.4740 
    -24.7842    -116.1525 
    -25.3151     165.3622 
    -25.8800      87.8946 
    -28.1897      17.6441 
    -31.0521     -42.3693 
    -33.9579    -123.3319 
    -36.0594     122.6730 
    -32.8084       1.3635 
    -35.0403    -114.5379 
    -39.4602      74.0307 
    -32.8085     -66.2815 
    -34.3619    -179.6223 
    -38.9322       5.9513 
    -37.4168     -40.0523 
    -36.5491     118.8217 
    -35.3068     -90.2373 
    -36.6945      44.2122 
    -36.0727     175.5648 
    -35.7388     -56.7973 
    -36.8897      72.0613 
    -38.0738     176.4654 
    -34.2099     -96.8116 
    -30.8871     -24.0791 
    -27.9255      43.3213 
    -26.1503     110.4972 
    -26.6377     173.6469 
    -28.1442    -131.3480 
    -27.8487     -96.3354 
    -25.5018     -80.1760 
    -22.8047     -71.5886 
    -21.5838     -69.0603 
    -22.2358     -71.1265 
    -23.6793     -82.9974 
    -26.3970    -103.5480 
    -27.6086    -132.8953 
    -27.9762     179.8202 
    -26.9226     114.0711 
    -27.5473      42.8514 
    -30.4630     -23.6513 
    -34.2711     -93.1318 
    -39.4208    -178.7608 
    -37.6717      75.6822 
    -35.5839     -38.3251 
    -38.1519    -149.7463 
    -40.0314      30.7397 
    -33.9274     -98.8023 
    -36.7835     150.3891 
    -39.6380     -36.1820 
    -39.1088     -84.7997 
    -39.8366      71.7006 
    -37.8514    -136.0542 
    -38.1926      -3.5154 
    -38.5487     123.0900 
    -38.6214    -110.6354 
    -39.3203       9.6443 
    -45.0257     122.3848 
    -39.5005    -168.6514 
    -33.7123     -81.7186 
    -30.3093     -17.6531 
    -28.0399      47.1807 
    -28.3589     107.9800 
    -31.2222     150.0782 
    -30.8230     171.8803 
    -28.3089    -171.7114 
    -25.4204    -154.7609 
    -24.3719    -146.3287 
    -24.9620    -152.2616 
    -26.8130    -168.0977 
    -30.0135     171.7071 
    -31.4166     154.1820 
    -29.9855     113.3494 
    -29.2241      51.7490 
    -30.1382     -14.2912 
    -34.0110     -85.7599 
    -39.2427    -167.8221 
    -45.6690     117.7859 
    -40.7598      19.1043 
    -39.3205     -80.1352 
    -44.2465     159.1156 
    -40.3370     -25.3950 
    -35.8334    -137.2768 
    -40.7375     108.2822 
    -39.5407     -87.2301 
    -41.6393    -142.2879 
    -42.1804      13.0066 
    -40.8408     167.4594 
    -40.8869     -56.8951 
    -40.8310      64.6728 
    -41.3232    -178.8691 
    -42.8955     -66.8889 
    -48.2694      35.5019 
    -46.6182     119.4838 
    -37.0238    -162.3141 
    -33.5812     -87.6763 
    -30.7629     -21.1697 
    -30.0708      36.7715 
    -31.8168      76.0426 
    -32.0361      96.5736 
    -29.8775     105.2685 
    -27.4721     122.5588 
    -26.6824     127.7354 
    -27.0427     125.6666 
    -29.0526     111.2347 
    -32.3525      96.2535 
    -33.5728      80.9176 
    -31.8901      37.4880 
    -32.5476     -19.7875 
    -34.1330     -83.9164 
    -38.0459    -163.3004 
    -43.0842     104.0703 
    -46.7291      34.7823 
    -45.0980     -41.9508 
    -47.0054    -124.7047 
    -53.9992      67.0649 
    -41.4840     -83.7666 
    -38.6476    -178.1820 
    -45.4641      55.0640 
    -40.5390    -133.6090 
    -41.4238     153.3457 
    -43.3141     -54.0652 
    -44.7653     111.2661 
    -44.0644    -113.4600 
    -43.2826      -2.2193 
    -45.3200     113.1371 
    -47.6451    -150.8354 
    -46.9414     -71.9220 
    -50.0101      33.9410 
    -43.2141     114.6602 
    -37.1607    -166.4112 
    -34.3793     -93.4590 
    -32.9702     -43.5743 
    -32.0902     -10.7068 
    -32.3432      17.6505 
    -30.8987      22.4223 
    -29.6565      32.1534 
    -29.0254      36.5136 
    -29.9468      36.0404 
    -31.4336      27.7930 
    -33.5060      12.0271 
    -34.3747     -11.9980 
    -34.7084     -52.1906 
    -35.8481    -104.0076 
    -37.4546    -170.5595 
    -41.0800     110.8829 
    -44.5203      34.2892 
    -48.8744     -62.7846 
    -56.9392    -131.3213 
    -69.6556    -167.7535 
    -51.5455     -59.7912 
    -43.4393    -134.2721 
    -43.3810     135.0767 
    -53.2326     -47.2286 
    -41.6365     172.0362 
    -41.1241      93.4732 
    -44.9282    -118.7107 
    -50.8115      39.4797 
    -50.7462     178.5462 
    -46.7362     -71.9434 
    -48.2336      44.8383 
    -51.0767     109.4851 
    -48.2517     178.2195 
    -47.6253    -109.1215 
    -50.3663      26.0292 
    -41.8051     118.5949 
    -37.1343    -175.3397 
    -35.6591    -129.4928 
    -34.4469    -102.5368 
    -34.3115     -83.5220 
    -32.2565     -67.3254 
    -32.0148     -59.6266 
    -31.3446     -51.1876 
    -31.6923     -57.9849 
    -33.3211     -68.2006 
    -34.9791     -90.1101 
    -36.7886    -117.4464 
    -38.0484    -143.7010 
    -37.8555     171.6584 
    -39.1867     101.3768 
    -42.7549      28.1704 
    -46.3497     -43.8605 
    -56.1124    -143.7464 
    -59.8929      69.7226 
    -53.3811     -46.2865 
    -50.2785    -132.5492 
    -48.5315     164.3746 
    -54.7479      79.1565 
    -50.3673    -159.0315 
    -43.0575     110.2880 
    -41.8143      33.3074 
    -48.5743     162.0443 
    -58.7584    -124.8071 
    -61.0721      32.7287 
    -51.8080    -124.3672 
    -52.5832     -15.6433 
    -53.9857      17.0996 
    -49.0503      82.6647 
    -46.2282     148.5701 
    -50.4361    -136.4124 
    -46.0480      31.4252 
    -40.6519      99.1786 
    -37.8006     140.8280 
    -37.2591     173.2333 
    -37.3507    -178.3642 
    -35.9532    -165.6818 
    -34.1814    -163.8662 
    -33.5631    -158.4475 
    -33.6736    -166.8593 
    -35.9674     179.8628 
    -38.1052     166.9832 
    -39.1629     151.0016 
    -39.8057     122.3033 
    -40.8377      80.7858 
    -42.4203      11.3476 
    -47.0609     -65.9267 
    -52.6480    -162.4657 
    -54.4575      78.5304 
    -55.5205      -6.8044 
    -53.9921    -108.2620 
    -53.4472     168.3163 
    -57.8724      99.1799 
    -56.6019    -136.0568 
    -46.3761     136.5199 
    -44.7293      44.9850 
    -44.8480     -36.7919 
    -51.6365      48.5879 
    -50.8729     137.6896 
    -53.8626     -87.1114 
    -60.2727     178.8136 
    -55.4852      -5.8805 
    -59.0978     -92.0912 
    -49.9651       8.9527 
    -47.9952      68.8865 
    -47.8948     133.5312 
    -51.7476    -106.0900 
    -48.3031     -11.0143 
    -43.7175      42.4399 
    -43.2723      79.1936 
    -41.9334      89.9494 
    -40.6313      94.9589 
    -37.8833      96.2383 
    -37.4283      95.7814 
    -37.1755      91.2587 
    -39.3705      74.0898 
    -41.5608      66.5018 
    -42.5827      48.8317 
    -44.1236      23.8851 
    -46.2834     -23.7514 
    -47.7263     -95.4633 
    -48.6096     175.1665 
    -50.5667      70.2468 
    -51.7859     -15.6896 
    -58.9952     -89.7102 
    -72.9334    -163.6547 
    -69.0169      80.9136 
    -63.6242    -133.6666 
    -52.0832     149.0496 
    -46.6214      68.9093 
    -46.8173     -23.7938 
    -50.9597    -123.2279 
    -50.2329     -56.8484 
    -49.1399      72.5930 
    -54.2658    -142.0070 
    -60.7946    -157.5662 
    -50.8539     -32.9260 
    -57.8551     137.9779 
    -55.7722     -64.5724 
    -49.9559     -16.7986 
    -45.5286      61.4772 
    -48.6959     131.1468 
    -50.3053     172.6173 
    -57.2263    -107.0606 
    -62.5693    -123.5692 
    -53.1290     -55.5364 
    -48.3271     -54.7779 
    -44.7717     -35.3161 
    -43.3273     -38.3100 
    -43.7826     -38.5694 
    -42.9204     -53.7747 
    -48.1244     -81.2826 
    -50.5059     -85.3226 
    -53.0854    -115.1727 
    -51.8508    -163.2979 
    -48.5446     139.6208 
    -47.5746      69.0905 
    -48.7766     -10.3628 
    -54.3031     -91.0755 
    -70.8181      65.1154 
    -57.0726     -35.9985 
    -56.6645    -130.5578 
    -53.3940     145.3515 
    -51.1420      75.3174 
    -49.3771      -4.5470 
    -50.8080    -100.2873 
    -51.0827     102.4701 
    -49.1797    -140.3448 
    -52.0224       3.3459 
    -58.8064     173.5161 
    -56.4342     136.2767 
    -48.6475     -92.4557 
    -55.9746      13.4359 
    -55.7403      10.8394 
    -58.0623    -155.6149 
    -49.7500     -25.2144 
    -50.2640      17.5360 
    -45.6805      69.2783 
    -48.7047      99.4557 
    -47.5256     118.1447 
    -46.7060     137.3339 
    -44.2529     146.7825 
    -44.3667     161.0524 
    -44.4707     174.1342 
    -44.3352     166.5728 
    -45.3290     166.9630 
    -46.2910     135.8939 
    -50.0603     119.3377 
    -49.0421      88.4842 
    -49.5706      61.1926 
    -49.2881      28.6751 
    -49.8289     -23.5390 
    -52.8577     -96.8715 
    -65.4236     152.0858 
    -56.7167     -48.2006 
    -52.8162    -113.3821 
    -51.3586     155.5556 
    -51.4688      79.6275 
    -50.0630      -5.3619 
    -51.9511     -88.5657 
    -56.5593     165.5213 
    -49.6737      22.5190 
    -51.8007     144.0896 
    -58.8639     -64.7206 
    -61.6132    -150.4719 
    -52.7890      67.4740 
    -49.7613    -159.2493 
    -55.0264    -115.6843 
    -47.3259     -60.9974 
    -54.9397      23.8405 
    -56.1747     -11.9031 
    -57.1791     -35.9343 
    -48.1857      -2.1675 
    -48.6942      15.9995 
    -46.7846      31.8307 
    -46.9739      42.5855 
    -44.9984      39.0027 
    -44.6365      40.9641 
    -44.2894      44.7627 
    -44.9771      44.1386 
    -46.5661      40.1097 
    -47.1424      33.1670 
    -50.6690       2.6692 
    -49.4881      -3.7478 
    -50.0933     -40.4199 
    -54.5455     -73.9007 
    -58.3273    -103.3017 
    -80.5887     161.1977 
    -56.4536     -44.8428 
    -51.5618    -132.8518 
    -51.7261     148.6523 
    -51.8927      84.6049 
    -51.9275      -1.8505 
    -52.0002     -83.9734 
    -53.7255     172.8080 
    -55.8528      47.2443 
    -51.1058     -53.0548 
    -58.1926      62.9752 
    -63.7039      -1.7934 
    -54.7226     164.5607 
    -52.3417      -7.2822 
    -54.2516     116.0159 
    -50.2028     141.0883 
    -45.0570    -135.3204 
    -51.2119     -73.3916 
    -50.5949     -56.2757 
    -62.0591      -9.8756 
    -51.4076     -49.9519 
    -57.1838     -59.0593 
    -54.3165     -40.2310 
    -59.9929     -75.0245 
    -51.1623     -76.8774 
    -49.7563     -82.8411 
    -49.0757     -71.3159 
    -50.8887     -85.2107 
    -54.7613     -77.3261 
    -56.9420     -68.2339 
    -57.5241    -100.7649 
    -61.1374     -63.4846 
    -57.3734    -113.5495 
    -71.4849      73.6026 
    -57.5946     -38.8994 
    -54.6314     -96.3257 
    -52.8667    -144.0056 
    -49.7913     142.5146 
    -50.1137      54.5168 
    -53.9379     -29.4353 
    -56.6275     -94.1228 
    -55.9114    -169.3537 
    -55.8421      84.3397 
    -54.3501     -48.5181 
    -55.7836    -150.5801 
    -65.3123     -89.3655 
    -56.0761     -52.0989 
    -53.8172     113.2322 
    -57.8247     -69.1225 
    -63.1916     -89.3576 
    -49.0519      38.6507 
    -46.4018     134.2997 
    -49.6909     169.9573 
    -46.2946    -137.8421 
    -55.3715    -101.1899 
    -48.4900     -97.8731 
    -54.8354     -78.8182 
    -51.2166     -53.4748 
    -55.4757      19.0657 
    -56.7953       2.9470 
    -53.7434      92.0417 
    -56.5272      47.1899 
    -54.2859      88.4458 
    -51.5992      22.9919 
    -55.1187      -8.2817 
    -57.8369     -37.2268 
    -56.7339     -54.4300 
    -56.6498    -101.0507 
    -56.1302     -88.5612 
    -52.4496    -129.2460 
    -50.5045     166.4915 
    -51.2150     100.3272 
    -51.2622      36.4637 
    -50.9079     -39.8132 
    -53.2320    -141.2379 
    -57.8970     125.6860 
    -66.3460      63.2293 
    -61.3801     -11.5884 
    -55.5798    -123.9510 
    -60.1040      92.0216 
    -58.4131     146.3134 
    -54.9334    -115.8311 
    -59.5902      43.2496 
    -66.7396      24.8747 
    -54.2328     167.3563 
    -51.3212     -51.5319 
    -54.3494      34.3122 
    -47.9022      47.2549 
    -48.1285     129.2857 
    -51.2459     132.0927 
    -47.2572    -178.1266 
    -51.7843     177.3179 
    -48.9368    -131.6786 
    -55.0677    -112.4162 
    -48.0844     -87.1236 
    -55.1774     -67.1045 
    -47.5464     -67.6137 
    -53.2845     -87.8853 
    -47.9073     -74.8610 
    -48.9215    -119.6438 
    -53.7120    -136.2582 
    -53.4140    -156.7022 
    -52.8876     172.7088 
    -54.8301     157.4256 
    -52.5920     122.5039 
    -52.5065      65.7569 
    -51.8103      -7.9781 
    -53.1365     -82.6476 
    -54.6455    -156.1892 
    -54.6879     117.4235 
    -55.2022      14.4172 
    -58.6418     -90.5077 
    -64.8557    -150.3123 
    -59.4492     148.3669 
    -59.1858     -38.6550 
    -60.0319      62.7412 
    -60.9344     126.4782 
    -70.0604    -149.0598 
    -59.2277     -52.1131 
    -54.5937      76.3281 
    -58.7153    -147.2010 
    -55.7227    -146.3300 
    -48.9848     -44.7461 
    -55.2259       7.4177 
    -49.2344      24.4768 
    -50.9208      87.0460 
    -49.2786      66.2659 
    -51.6721     132.6123 
    -50.7307     108.1666 
    -49.5650     167.5695 
    -48.6303     136.4040 
    -49.6149    -179.0527 
    -47.2893     143.9648 
    -52.1554     163.8493 
    -47.4773     134.5941 
    -51.7815      92.4219 
    -54.3872      90.5014 
    -54.3642      70.0267 
    -55.7374      33.0818 
    -54.8568       0.1161 
    -54.5791     -62.9987 
    -54.5679    -123.5518 
    -53.7685     161.7428 
    -54.8268      73.3553 
    -56.2023     -15.4343 
    -56.8620     -91.2567 
    -57.4411     172.8358 
    -63.0359      69.5574 
    -66.8594      53.3700 
    -60.9895    -124.3699 
    -77.0959     173.8988 
    -59.6123     -22.3280 
    -62.3334     110.7773 
    -62.2353    -134.3232 
    -58.9968     -42.3650 
    -59.9859       1.2340 
    -52.1754      99.3364 
    -56.6532    -159.2496 
    -53.1350    -166.4169 
    -52.4066     -70.5867 
    -59.0274     -70.4831 
    -51.4007     -33.5294 
    -61.0389     -66.0660 
    -51.0320      -6.1413 
    -59.2515      11.7030 
    -48.5001      29.3483 
    -54.3321      14.8326 
    -48.6707      41.0851 
    -53.5375      -9.7147 
    -52.0586      29.1534 
    -51.8436     -30.4480 
    -60.3377     -44.0803 
    -57.5892     -57.2714 
    -59.4585     -86.1847 
    -58.2157    -122.8263 
    -54.6006     167.8347 
    -56.0800      87.1350 
    -58.0583      33.9004 
    -55.8183     -38.8443 
    -55.1358    -131.1857 
    -57.3581     144.1289 
    -60.0753      78.7824 
    -61.2634     -24.1845 
    -69.0409    -134.4210 
    -68.9127    -101.5535 
    -59.9193     100.5403 
    -58.9884    -116.8274 
    -63.7332      30.8359 
    -73.2926     100.8413 
    -57.7704     175.4338 
    -57.9129     -96.9604 
    -55.3234     -23.1735 
    -57.9919       9.8507 
    -53.2093      90.3179 
    -71.0682     123.1916 
    -57.0294     151.7039 
    -59.5887    -157.3518 
    -53.4640     159.0857 
    -57.3895    -125.2945 
    -53.4011    -163.1055 
    -54.0764     -89.7533 
    -51.2335    -131.0090 
    -58.1253     -85.4787 
    -51.2077    -133.1449 
    -78.0462     175.2380 
    -53.9470    -138.0316 
    -57.7219     131.1681 
    -62.1720    -165.3567 
    -58.9199     109.8526 
    -66.8202      90.0117 
    -57.6755      52.1220 
    -54.4433     -32.9175 
    -56.3030    -123.7217 
    -60.2936    -164.3233 
    -57.2027     126.7870 
    -57.5824      34.1183 
    -65.5044     -58.0457 
    -66.0877     -87.7375 
    -64.8204     171.0786 
    -57.0155    -110.7136 
    -57.8898      31.8079 
    -69.6067     136.0879 
    -66.8846      52.9474 
    -62.8542    -112.1380 
    -57.7355      73.8934 
    -63.9642     152.9035 
    -56.8235    -166.1276 
    -55.9069    -104.4596 
    -60.0938     -43.7379 
    -55.4328     -47.1250 
    -61.1985      38.1754 
    -58.1927       6.0601 
    -54.4009      57.1275 
    -57.8942      13.2345 
    -53.6257      87.6745 
    -62.6893      41.1937 
    -53.2055     113.2962 
    -56.7635      37.7120 
    -58.1131     121.9419 
    -53.2214      28.3563 
    -66.9035    -161.8564 
    -55.1677      33.9622 
    -61.5376     -94.5901 
    -60.8023      25.7936 
    -60.5147     -83.4291 
    -69.3386     -68.6568 
    -56.4589    -132.3545 
    -54.4714     130.8421 
    -59.6897      31.3586 
    -64.2123      27.9982 
    -59.4155     -53.8973 
    -61.6798    -179.9353 
    -67.5765       5.9852 
    -65.6739     175.9166 
    -56.1556     179.1345 
    -64.0997      -3.9508 
    -59.4577    -113.0738 
    -59.2819       4.0038 
    -62.2325    -178.1894 
    -59.7488      10.6561 
    -70.1950     -47.0687 
    -55.3409      81.5897 
    -60.2986     149.5730 
    -56.7743     149.3868 
    -56.7126    -133.6330 
    -63.0247     158.1790 
    -57.9825     -87.0834 
    -62.8478    -112.9116 
    -55.8520     -87.2723 
    -68.5903     -38.8006 
    -54.6142     -75.6341 
    -69.3495       5.6564 
    -52.3511     -63.5616 
    -60.3365    -144.5515 
    -56.0858     -53.0453 
    -56.6454    -155.6429 
    -62.7283     -23.1317 
    -56.5348    -163.1191 
    -67.3024      13.8912 
    -57.1751    -164.8436 
    -59.7687      84.0715 
    -64.5505     137.0207 
    -55.8114      41.9451 
    -56.4919     -70.7217 
    -68.9645     143.1665 
    -62.7554     -97.4613 
    -60.4671     124.3177 
    -62.0342     -31.9265 
    -62.2642     149.0032 
    -59.4675     125.8151 
    -56.6434      19.5554 
    -54.3531     171.9566 
    -64.5426     -77.7234 
    -62.7077    -161.2042 
    -59.5601     -17.0707 
    -59.9149    -150.9248 
    -56.9011       3.5750 
    -63.0672     -53.5855 
    -54.6294      58.9739 
    -74.6743      -1.0050 
    -55.6576      84.4660 
    -74.6865     -77.3355 
    -57.2947     127.7126 
    -67.5522     145.7176 
    -58.5326     107.7957 
    -62.0118    -148.7570 
    -59.5412     114.2537 
    -59.5117    -135.0511 
    -55.4140     129.7128 
    -70.1814     -23.5824 
    -58.4137     130.0953 
    -61.5591     -16.7185 
    -59.0095     154.6416 
    -61.9935      -2.6469 
    -59.8234     150.9303 
    -56.1646      19.5883 
    -66.1478    -109.1326 
    -60.7484     -20.4496 
    -56.8021    -144.9187 
    -60.1793      75.8292 
    -60.6453    -116.7764 
    -58.6651      93.0156 
    -60.1595     -56.6836 
    -62.8076     123.0310 
    -58.3774     125.8666 
    -53.4558     -48.1903 
    -57.9565     102.5853 
    -62.8622      30.3266 
    -55.9508     150.4974 
    -62.0908     -49.2056 
    -58.6911     171.6730 
    -64.5574     -38.7785 
    -56.1791    -145.1038 
    -57.6828     -10.8245 
    -56.7999    -100.1494 
    -58.6372      35.6522 
    -61.0179     -83.1254 
    -60.4587      80.1130 
    -62.6078     -69.1994 
    -66.0302      66.9796 
    -62.0181     -96.9516 
    -65.0603      80.3288 
    -62.8314    -109.0079 
    -62.1149      77.4724 
    -60.0567     -77.3561 
    -64.1738     124.2120 
    -63.2395     -71.0572 
    -60.3527     125.5658 
    -61.8637     -31.1537 
    -62.4406     127.5970 
    -57.0471     -35.3868 
    -58.4472    -168.5575 
    -65.6215     -26.8765 
    -58.2550     163.7763 
    -58.7086      24.8500 
    -61.2180    -151.2261 
    -58.2380      41.9806 
    -57.1588    -107.1101 
    -58.5899     101.4787 
