     -67.3410     156.5909 
    -64.5637     -55.8982 
    -72.4024     158.0602 
    -71.9788     161.9064 
    -59.1270    -131.1149 
    -61.2793      25.4286 
    -59.8223       0.4045 
    -59.5461     147.3107 
    -68.1861      67.9866 
    -57.2721    -101.9138 
    -57.9708    -164.9068 
    -61.3995     -44.3574 
    -57.9239     -91.0976 
    -62.9944     -20.8563 
    -64.2652      29.7927 
    -64.7724     -10.1955 
    -80.2632      32.7834 
    -64.0636      55.9900 
    -60.3949     -34.8544 
    -57.3449     -45.2656 
    -61.1267     -44.5407 
    -56.9319      -5.5385 
    -56.7291     -20.1735 
    -59.7172      14.3270 
    -55.3462       0.4044 
    -62.0743    -116.1571 
    -59.0835      19.8476 
    -58.3398     -74.3985 
    -64.1831     117.1832 
    -61.5170     -62.7884 
    -57.3806    -164.2029 
    -69.5032     168.0349 
    -57.4562    -170.1448 
    -64.1052     143.3614 
    -69.6195      31.1789 
    -66.7731     179.3894 
    -68.7890     133.1694 
    -77.9357     -21.7547 
    -72.0368    -117.2161 
    -66.2940      72.8970 
    -74.9546     -20.0996 
    -74.3003      66.7412 
    -63.2408       3.7194 
    -72.2711     -57.3152 
    -68.8773     -62.9184 
    -62.6049     -75.3926 
    -62.1395    -160.1901 
    -70.7984     109.1309 
    -71.4878    -173.3052 
    -58.9776    -156.9660 
    -62.9376     -37.0555 
    -64.5189     -42.7855 
    -58.9113     106.8871 
    -70.3120     -10.4184 
    -59.8028    -125.9420 
    -61.9960      85.8379 
    -55.8832     -19.9774 
    -60.0850    -106.6803 
    -59.2790      44.5095 
    -60.3393      20.4859 
    -63.5212      57.4634 
    -60.0253     148.3023 
    -60.8302      63.5625 
    -75.3538    -176.5823 
    -57.7462      78.9021 
    -65.6533      78.0194 
    -57.8804     101.1834 
    -61.1850     110.7238 
    -52.6676     116.3129 
    -58.5812      82.6622 
    -52.8800     154.2872 
    -55.0641      90.6248 
    -60.0296    -162.3686 
    -55.5178     113.0308 
    -65.2751     -57.4518 
    -58.7583     138.7738 
    -57.3768     -12.2638 
    -60.6932    -111.2050 
    -59.9403      -0.3682 
    -57.4947     -76.7370 
    -69.2786     -81.3054 
    -62.0767     -62.2294 
    -61.3467     -94.8708 
    -61.0560     -90.5368 
    -69.3218     173.2282 
    -62.8646     -34.2662 
    -67.5355    -174.1017 
    -68.1545      26.9935 
    -61.1516     -91.2143 
    -63.4600     134.0855 
    -64.6097     -50.9913 
    -64.8893     172.9401 
    -65.2875      21.3848 
    -71.1380     -78.5825 
    -66.9769     165.9847 
    -65.7526     -61.2311 
    -64.1099     -79.8127 
    -58.4789      92.2831 
    -70.2373     -92.6834 
    -60.0308    -155.4709 
    -58.5879      19.1841 
    -62.7592     -63.7813 
    -59.2002     142.4908 
    -59.6331      18.8841 
    -67.6226     -17.2521 
    -60.5590      93.3390 
    -58.6118     152.5364 
    -62.5991     163.1056 
    -55.7729    -130.8920 
    -67.2171     165.4634 
    -60.0904     -96.6870 
    -63.0060    -161.7740 
    -57.8885     -83.5317 
    -59.8544    -129.1982 
    -57.9086     -86.6399 
    -55.6251    -138.0230 
    -60.2305     -79.6035 
    -52.6153    -112.8404 
    -66.2586    -133.8894 
    -54.9595     -78.0897 
    -62.5643     172.5516 
    -54.8050     -54.8242 
    -55.0380    -156.2720 
    -60.5588      30.2640 
    -63.1884    -122.1713 
    -58.6489      75.6307 
    -58.5421     -15.1131 
    -67.4566      68.4073 
    -69.2525      20.1344 
    -62.4942      58.4057 
    -56.3708     -16.1405 
    -63.5947    -124.2320 
    -65.3217      35.2769 
    -58.9963    -153.6955 
    -58.9106      72.6010 
    -59.0410     -46.6402 
    -60.4067     177.9357 
    -66.4033      25.9251 
    -67.0916    -156.8321 
    -61.8491      78.2049 
    -77.4183      -4.9857 
    -64.1672     -90.5952 
    -60.2157      -3.8263 
    -69.8565     -47.2327 
    -65.0992     156.2224 
    -57.4428     -13.0234 
    -65.6598      97.8649 
    -58.6102      93.4606 
    -61.8039     -95.3752 
    -71.1997     172.6947 
    -59.2018      38.9886 
    -61.0637    -168.4935 
    -63.9198    -170.6560 
    -55.9069     -97.7509 
    -64.1505     -23.3536 
    -57.4741     -39.4528 
    -59.6560      53.4257 
    -59.9660      -0.3194 
    -61.0884      86.7771 
    -55.6231      24.5150 
    -64.8088     121.0079 
    -60.3662      53.5806 
    -72.4883    -147.1027 
    -59.9854      66.5114 
    -62.5106     -31.7216 
    -56.5296      88.2072 
    -57.2791       9.9412 
    -56.4230     116.4911 
    -52.8875      29.1068 
    -63.9823    -178.6436 
    -55.2211      71.8946 
    -65.7837     -30.0939 
    -57.4273     103.5049 
    -63.9166      27.6798 
    -62.9438     150.3963 
    -72.0747      74.0383 
    -56.6851     153.1301 
    -54.6869      77.9836 
    -69.1536      76.2710 
    -57.5378      43.8317 
    -57.1624     -90.1009 
    -56.9237     142.5388 
    -57.9172      51.6016 
    -72.6580     -43.7996 
    -61.2352      65.3605 
    -63.8453     -49.2559 
    -72.5105     103.1924 
    -71.0881     -62.4422 
    -68.5789       3.5680 
    -63.7411     108.7569 
    -68.2753    -102.5460 
    -69.4283     160.7542 
    -58.4631      66.8891 
    -57.0662    -171.4098 
    -77.0659    -169.9315 
    -57.9143     -49.2745 
    -57.2499     132.3453 
    -61.0598      67.3764 
    -55.0694    -107.8420 
    -68.1144      39.9018 
    -58.3061      10.5682 
    -57.4363      81.3788 
    -59.0238     107.0806 
    -55.6386     134.8802 
    -67.6725     146.9655 
    -55.1024    -171.4969 
    -67.1080     147.7581 
    -54.4787    -121.7763 
    -64.7980    -144.1404 
    -56.7906     -79.7102 
    -69.5281     -13.4420 
    -58.3783     -36.3441 
    -74.7408     120.1370 
    -60.0803     -31.0027 
    -53.6535    -154.9033 
    -62.9739      45.4458 
    -52.8765    -117.5695 
    -54.9265     147.7919 
    -61.3376    -134.4298 
    -54.4662     155.8992 
    -65.3184     100.9902 
    -58.8435     148.3576 
    -59.4614      13.6582 
    -56.7269    -111.6647 
    -66.0406    -163.5340 
    -57.2447    -150.8589 
    -55.2207     114.2819 
    -56.4473     -19.4043 
    -59.8164    -103.1943 
    -65.0656     178.9442 
    -59.1672    -158.8019 
    -62.5129     121.4018 
    -68.4923      17.0037 
    -63.5990     170.2029 
    -67.9388      32.8081 
    -66.5195      49.7325 
    -68.5189     126.4579 
    -66.2252      67.5190 
    -56.6841     156.4995 
    -66.7109     164.7783 
    -53.9289    -100.7037 
    -57.1514      88.1168 
    -62.2047       7.9185 
    -52.0326    -149.9309 
    -61.1581      32.8054 
    -55.9212     -26.2367 
    -57.9447     131.5589 
    -58.0064     148.8491 
    -57.2191    -168.3267 
    -54.8794    -116.5706 
    -56.1709    -115.8547 
    -54.3853     -38.4499 
    -53.4420     -62.3276 
    -56.1140      14.4254 
    -53.1606      -9.7125 
    -54.9079      43.5471 
    -54.2577      50.6932 
    -54.2009      88.9907 
    -53.2114      83.1802 
    -54.2554     119.3250 
    -54.7332      61.1528 
    -86.2242       1.1635 
    -53.4476      38.9243 
    -52.1226     -53.8121 
    -65.7948     -67.8646 
    -54.6755     -57.7440 
    -56.2569    -124.6697 
    -57.2219     -60.8112 
    -52.5797    -133.0849 
    -57.6867     138.0275 
    -71.1356    -179.1094 
    -59.6531      35.8161 
    -54.1826     -64.1946 
    -54.9184    -156.3494 
    -63.3645     152.2211 
    -62.8704      58.4461 
    -58.1106     -49.3730 
    -57.7479    -109.8215 
    -57.3101    -171.4716 
    -63.3961     100.0844 
    -71.5275    -140.5658 
    -74.5692    -166.3266 
    -64.5861     145.0936 
    -72.3543    -112.9198 
    -74.5980     -97.0287 
    -56.2504    -119.7115 
    -59.5205       3.3050 
    -57.3857      -9.7866 
    -54.6660     158.3843 
    -59.5475       1.1228 
    -55.2565     -83.1732 
    -55.9450      97.7310 
    -64.0882     -82.7507 
    -56.3089    -114.6317 
    -57.8493     -56.2907 
    -56.8476      -2.6707 
    -53.4979       8.2912 
    -61.2313      69.6934 
    -51.4407      70.7256 
    -59.6276      78.4684 
    -50.9890     137.1404 
    -56.1128     159.3782 
    -50.5607     179.9082 
    -53.3261    -156.9849 
    -49.1768    -146.2226 
    -49.6702    -137.4211 
    -48.3503    -143.7536 
    -53.2895    -141.7376 
    -50.5859    -137.7289 
    -52.5914     136.5673 
    -69.4546     130.5280 
    -53.8949     126.0142 
    -56.3976      25.2612 
    -67.5730      91.8989 
    -52.7234      26.5701 
    -54.8244     -44.3825 
    -58.7932     -70.2146 
    -56.9309    -107.8410 
    -54.6926     137.2840 
    -55.6750      56.2807 
    -56.0195      -4.3411 
    -56.1991     -77.6027 
    -58.4642     143.3089 
    -59.0084      43.8001 
    -55.2339     -12.1809 
    -55.8041     -63.6644 
    -66.2539    -119.6247 
    -58.8618     -68.1601 
    -64.9128    -122.6725 
    -63.3054    -175.3972 
    -58.6490    -160.2291 
    -70.8411     -45.6433 
    -56.7664     -62.9000 
    -56.2670     119.6271 
    -62.8800     -30.0407 
    -55.9150     -99.7990 
    -55.4026      42.3026 
    -71.8736      44.4035 
    -58.6480     163.4410 
    -56.5337     -47.5855 
    -60.5246       5.3991 
    -56.1266      63.6892 
    -54.7302     125.7794 
    -57.1862     129.9248 
    -56.5345    -164.3429 
    -54.0723     179.6917 
    -57.8218     -91.5636 
    -51.5726    -100.7835 
    -51.1436     -51.6842 
    -51.6271     -58.6396 
    -51.1550     -26.8558 
    -49.1284     -28.9114 
    -47.6455     -20.5971 
    -48.2828     -24.6948 
    -48.3323     -13.2487 
    -48.4085     -45.1527 
    -56.9721     -49.1442 
    -51.4031     -59.1182 
    -53.0847    -149.9458 
    -66.1308    -133.0316 
    -54.1919    -156.5712 
    -53.5531     115.6528 
    -57.6634      79.9243 
    -52.4805      51.9603 
    -51.5301     -25.6648 
    -54.4279    -100.7583 
    -54.0759    -167.0596 
    -54.5749     103.7389 
    -54.0356       0.0153 
    -59.1653     -96.5913 
    -62.4268     159.6963 
    -54.9911      93.9077 
    -53.4819      20.1730 
    -59.9748     -24.2191 
    -59.1588      -1.1460 
    -59.7423     -30.0189 
    -62.1961     -54.8023 
    -56.7735     -74.6312 
    -61.6509      93.6384 
    -61.6504      43.8903 
    -64.0463    -156.4999 
    -60.5020     -18.0333 
    -63.2515      41.2989 
    -56.7361     122.9642 
    -58.4404    -102.6971 
    -60.7428      36.6107 
    -52.5305      46.5675 
    -52.1189     148.5397 
    -53.4667    -171.5000 
    -51.8217    -111.1931 
    -55.4150     -74.6723 
    -54.2045     -44.4867 
    -56.8420     -18.9404 
    -52.0815      20.7326 
    -52.1703      37.3856 
    -51.0077      63.2226 
    -51.9199     101.9479 
    -50.8602     104.7212 
    -49.5191     121.7209 
    -47.2978     109.6423 
    -48.1267     115.5968 
    -45.7855      95.3645 
    -49.2817      83.7311 
    -47.5604      85.9533 
    -50.1904      24.5165 
    -60.6516     -18.5689 
    -52.2760       5.8692 
    -53.9220     -53.4673 
    -60.3324     -82.1607 
    -52.3600    -118.3171 
    -52.5010     154.8953 
    -53.6665      97.4412 
    -53.0697      44.9682 
    -52.3132     -52.0798 
    -53.1227    -158.3934 
    -56.9729     109.3085 
    -58.1287      93.5689 
    -62.9569     -55.2320 
    -53.9531     178.3556 
    -51.7368      96.5975 
    -55.1347      59.4314 
    -57.5466      23.6614 
    -66.3231      81.1948 
    -69.5119      23.2036 
    -56.6389      -0.1054 
    -61.2095    -140.1186 
    -72.9153     -22.2697 
    -58.3853      10.3587 
    -54.0121      68.0294 
    -58.2739     165.0082 
    -61.7987    -162.4775 
    -57.3947     -13.3483 
    -52.0627     138.5253 
    -58.3116     174.7191 
    -49.2940    -100.1988 
    -53.6574     -32.4144 
    -50.0199       6.9706 
    -54.0219      44.2266 
    -51.7139      83.8037 
    -51.8181     120.2924 
    -50.3820     147.2247 
    -50.6963     169.1741 
    -51.1347    -170.3294 
    -49.9095    -139.3470 
    -53.4246    -121.5146 
    -51.1528    -106.2543 
    -58.0350    -112.9052 
    -53.8759    -115.0796 
    -53.4591    -161.5968 
    -51.4777    -132.8446 
    -47.7339    -179.6178 
    -57.0121     137.1746 
    -52.8775     157.5233 
    -52.1215      73.8592 
    -57.6168      54.4068 
    -51.7853      50.6422 
    -51.5158     -22.3308 
    -59.8301     -96.2660 
    -54.0056    -141.7126 
    -49.6173     137.4999 
    -51.1932      41.7089 
    -56.3322     -24.4437 
    -58.4984     -96.6119 
    -55.1232     174.7266 
    -56.0927      56.4300 
    -54.7111    -104.9565 
    -56.5662     171.8930 
    -55.5386     158.2053 
    -53.4738     108.2100 
    -63.4034     101.9386 
    -63.3532     100.1449 
    -59.2438     107.2768 
    -59.1444     -71.5209 
    -63.7598      89.5429 
    -53.6605     116.6178 
    -57.8554     167.1859 
    -56.5628     -90.2525 
    -64.6118      16.7573 
    -60.4853     103.0470 
    -51.9957    -156.1533 
    -55.4638     -29.5927 
    -53.1188      -5.4582 
    -51.7989      92.0365 
    -50.6192     123.3243 
    -53.7818     179.1061 
    -51.4770    -155.7756 
    -52.2292    -133.0579 
    -51.0623     -93.6481 
    -51.8050     -78.0700 
    -52.3280     -27.0056 
    -54.7972      -7.5006 
    -49.9459      54.4020 
    -51.2898      39.1602 
    -50.8097      82.8769 
    -54.0723      64.8594 
    -53.3440      82.7096 
    -54.3487     -16.0356 
    -56.6499    -125.7499 
    -61.1867      27.0374 
    -54.9667    -126.3074 
    -53.8464     118.8533 
    -64.6699    -127.4417 
    -52.3320     148.5159 
    -57.2406      74.3161 
    -54.7673      88.2996 
    -52.2198     -18.9027 
    -51.6450    -114.7437 
    -56.5012     177.1534 
    -57.9211     121.1278 
    -54.6620      -0.9332 
    -51.0123    -117.2184 
    -57.6736     175.5377 
    -68.0647     -32.5469 
    -58.5467     -99.2009 
    -52.0185    -137.5499 
    -53.1581     165.3373 
    -66.6628     123.0120 
    -61.5143    -134.0516 
    -66.5455     -87.9310 
    -54.7807      39.0236 
    -56.8602     117.7036 
    -54.5509    -173.4197 
    -58.9116    -103.1818 
    -56.7672       0.1741 
    -59.8185     141.4299 
    -58.2911    -114.7828 
    -53.4290     -74.1704 
    -51.1963      54.1769 
    -55.3760     119.3191 
    -51.5025    -159.3280 
    -51.9864    -133.4379 
    -55.9248     -80.6734 
    -52.1911     -71.0508 
    -55.8510     -49.3776 
    -52.7926      -6.9514 
    -60.2779      20.7150 
    -64.1776      97.3616 
    -58.3360    -120.7191 
    -52.0924    -159.9148 
    -52.4622    -125.4374 
    -49.0066    -142.7828 
    -47.6370    -130.9482 
    -47.9768    -146.3543 
    -55.2267    -123.1993 
    -49.2134    -142.2139 
    -57.9410     149.9203 
    -54.2756    -142.0809 
    -53.0006     141.3840 
    -60.9101     -73.4929 
    -53.2846    -175.3871 
    -60.9282    -166.9961 
    -49.5031     174.3535 
    -49.9895      85.2840 
    -54.6338     -13.3513 
    -55.9908     -57.6085 
    -53.5026    -141.6363 
    -55.3630      94.4094 
    -53.2305      -8.0404 
    -58.5382     -74.8875 
    -59.3146     -87.2383 
    -63.5626      64.5597 
    -52.1519     -48.7662 
    -50.9370    -123.9082 
    -57.1535     166.2320 
    -59.3765     -91.4296 
    -62.4880      31.4609 
    -58.1559     127.3673 
    -52.4972    -139.8170 
    -54.5702     -72.4856 
    -53.3944      28.0974 
    -57.3057     101.7454 
    -57.6232    -143.5729 
    -55.5388     -26.1292 
    -61.0912      82.2384 
    -54.6924     154.4167 
    -52.5956     -97.7373 
    -52.7833     -48.2865 
    -57.0809      -3.2694 
    -59.9980      12.9127 
    -54.9659     -20.4031 
    -57.1050       8.3837 
    -53.6908      36.7464 
    -55.6731      16.2905 
    -53.7381       3.0262 
    -50.2144      -7.0951 
    -49.3641      -6.6694 
    -46.4012       3.2654 
    -45.8711     -11.7519 
    -43.0972     -14.3195 
    -46.4007     -36.6962 
    -44.7275     -28.9269 
    -45.6635     -57.1149 
    -52.4872     -45.3221 
    -46.0273     -72.2703 
    -48.3680    -130.2976 
    -53.4074    -102.0331 
    -50.8727    -160.2458 
    -59.9847      33.7420 
    -51.8723    -108.7777 
    -57.5690    -177.1490 
    -56.3831     141.7614 
    -48.0705      56.4043 
    -49.4919     -42.9438 
    -59.7470    -161.9927 
    -61.9361      89.0389 
    -53.2657      12.9138 
    -53.7680     -33.6737 
    -56.4794    -129.5160 
    -57.3616      26.6713 
    -52.0654     -47.7802 
    -55.1882    -129.1919 
    -53.4431      -5.4981 
    -53.3406     109.3902 
    -52.8902    -168.4051 
    -53.3630     -72.6622 
    -57.2030      38.6868 
    -54.1425     124.8493 
    -58.6615    -129.7732 
    -56.1644     -57.3929 
    -59.8933      52.8458 
    -57.4681    -159.2434 
    -56.6041     -57.0596 
    -51.3894       4.8940 
    -53.0876      78.9435 
    -65.3313     123.4864 
    -60.1142     -42.8977 
    -50.4041      22.0648 
    -50.3901      53.5807 
    -48.6126      90.1132 
    -47.7040      90.5870 
    -45.5655     105.0586 
    -44.3714     105.9601 
    -43.9706     123.5207 
    -44.3840     127.1843 
    -45.0025     129.7202 
    -46.4037     109.8612 
    -48.7981     107.4372 
    -45.3205      80.8937 
    -47.6212      43.2901 
    -47.0653      65.4681 
    -45.3991       5.8662 
    -52.5494     -18.0697 
    -46.2640     -22.4715 
    -46.4557     -89.9597 
    -55.0179    -118.6298 
    -54.1895     -80.4392 
    -58.7585     -82.1955 
    -50.2547    -115.5954 
    -47.9031     150.7608 
    -52.9139      53.1825 
    -58.8154      -9.6935 
    -63.4296     150.9010 
    -52.9544     103.0724 
    -49.3672      35.2132 
    -52.5609     -46.0987 
    -60.8950     120.0311 
    -51.7724      28.9776 
    -52.0789     -48.6761 
    -52.4565      70.6363 
    -52.0438    -176.9546 
    -51.3826     -54.3065 
    -51.7565      25.3888 
    -53.1609     137.4925 
    -54.8623    -153.9670 
    -52.8267     -54.8391 
    -60.0539      39.8756 
    -69.6076     103.6059 
    -55.9219     -78.4544 
    -52.0853      48.5364 
    -51.9419     112.5253 
    -50.4600    -161.9041 
    -60.5946     -34.6367 
    -53.0823      53.1938 
    -48.3574     113.6285 
    -48.8014     161.8520 
    -45.6750    -179.3295 
    -45.2351    -161.2725 
    -42.7951    -142.6275 
    -42.3727    -127.7287 
    -41.0855    -115.3809 
    -41.2675    -107.6952 
    -40.5670    -103.4216 
    -44.1044    -102.5436 
    -45.4500    -109.4752 
    -49.9549    -153.6715 
    -51.3423     177.9796 
    -46.9880     158.6690 
    -49.2556      91.6055 
    -52.2149     107.6319 
    -45.5420      56.8715 
    -46.7282       1.0528 
    -48.7914     -13.0310 
    -53.4738     -60.5936 
    -61.1811      37.4395 
    -49.0582     -43.9130 
    -47.2608    -135.5213 
    -48.2909     149.9350 
    -51.2518      89.7132 
    -56.8470     -19.5420 
    -55.6706    -176.3691 
    -50.1422     105.0814 
    -49.8929      27.3304 
    -54.7707     -63.9022 
    -55.2699     123.9392 
    -50.9120      19.2815 
    -48.3143     133.9239 
    -49.4304    -109.6770 
    -52.5598      17.5627 
    -52.3251     126.4505 
    -49.7794    -123.9622 
    -52.5162     -40.9407 
    -52.3294      10.9589 
    -60.5675     115.0732 
    -57.9072      -6.4454 
    -55.6522      46.9171 
    -49.8945     133.4082 
    -52.3772    -143.9031 
    -52.6309     -51.7230 
    -54.1240      68.2365 
    -49.8825     142.0392 
    -47.2611    -167.0942 
    -47.4036    -116.5117 
    -45.4207     -90.6673 
    -45.7443     -66.4565 
    -43.7853     -37.8966 
    -44.0223      -7.6013 
    -42.4298       8.3457 
    -41.4149      24.3907 
    -42.4379      24.3254 
    -42.6388      35.3772 
    -43.9235      25.3703 
    -46.6829      26.2695 
    -47.7144       0.2844 
    -50.7452     -73.3416 
    -56.2116     -57.8150 
    -49.2584    -126.0145 
    -46.9783     146.4793 
    -45.3735      89.0476 
    -42.9027      46.1731 
    -45.1655      -5.0577 
    -56.6795     -50.9413 
    -51.0851      26.8575 
    -47.9337     -42.6897 
    -47.5991    -101.5572 
    -50.0436     168.2116 
    -54.6105     102.7925 
    -58.6129     -66.7472 
    -48.7871     179.2863 
    -47.2053     116.4418 
    -49.4609      33.1251 
    -55.2233    -114.4649 
    -50.2913      98.5467 
    -48.5613    -151.5129 
    -46.1992     -24.7347 
    -48.1641      99.3711 
    -52.0830    -152.6551 
    -50.7022     -50.1680 
    -53.4564      73.8225 
    -59.0799      68.5613 
    -60.5717    -154.8052 
    -55.8070      63.1499 
    -55.5819     139.8408 
    -50.8628    -137.5589 
    -51.9322     -42.9424 
    -52.2500      51.5171 
    -47.1956     164.5153 
    -46.2051    -116.1573 
    -45.6369     -69.2288 
    -45.4091     -11.9180 
    -47.1750      11.9254 
    -46.9070      44.1741 
    -46.5920      69.4402 
    -43.6874     108.7689 
    -41.9801     132.4860 
    -39.8305     143.8818 
    -39.8539     143.6633 
    -38.3111     145.7626 
    -39.0652     130.7290 
    -39.9934     131.5478 
    -43.0542     113.0958 
    -46.7380      96.5544 
    -46.4860      80.3520 
    -49.0912      25.8286 
    -53.4209     -80.3658 
    -46.8514    -157.0571 
    -41.9107     136.1088 
    -43.1006      77.0474 
    -50.2938      29.3625 
    -55.1758      89.7472 
    -49.2075      33.1316 
    -49.1768     -22.9461 
    -47.2292    -114.3194 
    -52.9828     177.8874 
    -58.8289      61.9055 
    -54.9534     -98.7980 
    -46.8876    -178.8949 
    -45.7087      90.2199 
    -48.5752     -24.9689 
    -47.9230     170.4459 
    -46.5568     -88.8015 
    -46.1188      41.6368 
    -46.9059    -169.0477 
    -49.7649     -66.0570 
    -49.2239      15.7427 
    -52.2990     140.2097 
    -56.5135      26.4212 
    -65.2226     176.5341 
    -53.6542     112.0149 
    -51.1827    -140.1324 
    -57.1438     -39.3653 
    -55.0281      73.7528 
    -48.3476    -173.5323 
    -45.2450     -95.0751 
    -43.8005     -20.4062 
    -44.1082      40.1446 
    -44.5088     102.5085 
    -44.4296     148.6888 
    -42.4128    -178.4109 
    -40.4769    -135.7431 
    -36.9750    -110.1810 
    -36.1682     -90.3470 
    -34.6922     -82.0595 
    -35.1397     -76.7224 
    -35.1007     -87.7803 
    -35.8808    -103.4634 
    -36.1700    -116.2193 
    -38.3055    -146.3833 
    -41.0725    -168.1881 
    -41.3139     169.9592 
    -43.8915     110.9636 
    -45.2772      61.1984 
    -52.1519     -37.8307 
    -45.4914    -153.3050 
    -41.6832     140.8030 
    -45.2198      93.5328 
    -51.8718      82.1364 
    -52.2639      76.3237 
    -50.9196      35.1671 
    -49.1422     -10.6264 
    -50.5801     -85.8093 
    -54.7026    -178.5769 
    -72.8035      23.6157 
    -46.9850    -109.2817 
    -42.7359     159.6846 
    -45.1474      53.0852 
    -46.0831    -110.4645 
    -45.2319     -20.3772 
    -42.6973     113.3644 
    -45.2895    -107.1252 
    -47.5898       9.5288 
    -50.5072      98.1895 
    -50.0568    -133.5292 
    -53.5007      57.6808 
    -56.9898    -152.2573 
    -59.7812    -157.1151 
    -52.7294     -40.4980 
    -50.5385      76.6489 
    -51.7139    -177.2766 
    -46.2206     -94.3071 
    -43.6602     -14.2850 
    -42.7104      67.8529 
    -42.5732     151.8517 
    -40.6789    -138.5156 
    -38.7648     -81.7182 
    -37.8197     -46.4584 
    -36.4138     -17.7364 
    -35.3439      -6.1957 
    -33.7788       7.2102 
    -32.7243      13.4051 
    -32.7781      19.3901 
    -33.3016       5.2854 
    -35.0416      -7.1514 
    -35.8804     -25.2156 
    -37.5585     -52.7012 
    -37.5171     -66.7419 
    -37.3217     -99.9429 
    -38.2207    -154.8384 
    -40.6832     169.3334 
    -45.5964      91.1525 
    -45.2932     -61.1983 
    -40.8625    -138.1540 
    -42.5707     168.3943 
    -46.4129     139.8893 
    -50.8950     113.3445 
    -58.3572      94.4221 
    -53.4376      59.4983 
    -54.4800     -16.4601 
    -50.3625     -99.7862 
    -52.2268     163.3349 
    -48.2855     -27.2117 
    -41.4981    -140.4540 
    -42.5703     109.4138 
    -45.3224     -40.1900 
    -45.3087      35.5329 
    -41.9287     177.7094 
    -41.5895     -42.8815 
    -46.5181      87.8499 
    -55.4568    -166.5929 
    -52.5986     -32.3703 
    -48.9207     108.9194 
    -49.0870    -102.4415 
    -56.8496      52.6138 
    -60.9258     117.5735 
    -46.1187    -172.7665 
    -44.2188     -86.3779 
    -42.4048     -11.7282 
    -40.7958      73.2317 
    -41.4450     164.7771 
    -40.2830    -104.0820 
    -38.3582     -34.1148 
    -36.5267      19.2312 
    -36.0791      40.4337 
    -33.3811      59.2940 
    -31.6102      70.7220 
    -29.3507      89.0565 
    -28.7444      99.1131 
    -28.5519     105.9706 
    -29.2740      98.1509 
    -30.7495      88.4020 
    -32.8283      63.6849 
    -35.5187      33.5971 
    -36.3253      19.3865 
    -36.3833     -15.8425 
    -35.3154     -66.9483 
    -36.1159    -114.2205 
    -38.3092     175.9688 
    -44.6432      88.5762 
    -42.9493     -59.5371 
    -41.2925    -121.3542 
    -42.7609    -166.3869 
    -47.2366     157.9149 
    -52.5027     115.3279 
    -57.3789    -176.1382 
    -53.7411      98.0916 
    -47.2014     -10.3798 
    -46.5852    -132.7042 
    -48.6439      41.9608 
    -39.9253     -87.1705 
    -40.4891     167.1638 
    -44.0906      28.7211 
    -43.3638      93.9839 
    -40.5404    -136.5267 
    -40.9978      15.1124 
    -44.6526     154.7749 
    -52.6332     -56.0847 
    -53.5142      68.8928 
    -48.1540     177.3761 
    -46.7569     -25.9630 
    -48.5661     108.5583 
    -51.2417    -168.2146 
    -44.3449     -98.3083 
    -41.8489     -14.1662 
    -39.9683      60.6798 
    -40.2283     159.4649 
    -40.6152    -109.7658 
    -36.8261     -25.5226 
    -36.0358      38.5117 
    -33.9884      80.4078 
    -32.2836     111.2065 
    -29.9209     136.0450 
    -28.6788     154.8871 
    -27.0034     172.9912 
    -26.5949    -175.9615 
    -26.7214    -170.7245 
    -27.7321    -176.6525 
    -29.0779     175.5375 
    -32.2037     151.9870 
    -33.7358     129.1228 
    -34.1473      97.6267 
    -35.3439      50.8896 
    -33.8839      15.1565 
    -33.5447     -37.5298 
    -34.9126    -106.6308 
    -42.1955    -172.6374 
    -45.5994      30.5090 
    -40.9296     -50.1764 
    -40.3520    -105.0828 
    -45.7917    -153.0844 
    -55.1520     157.7668 
    -50.8038     -38.2592 
    -48.0675    -164.1940 
    -44.8220      54.7146 
    -43.0887     -75.5055 
    -48.2890     136.6309 
    -40.2890     -20.3053 
    -39.4576    -136.7959 
    -42.9132      83.3425 
    -41.9410     145.0575 
    -38.9127     -80.2313 
    -39.0273      57.5799 
    -44.8213    -159.6831 
    -47.2018      16.5969 
    -46.2638     138.1014 
    -46.0225    -103.8323 
    -48.1256      33.2156 
    -43.2923     160.9428 
    -43.1364    -100.5060 
    -41.2453     -26.2558 
    -39.2971      52.9467 
    -38.6836     145.4531 
    -39.0520    -116.2987 
    -36.5974     -27.4172 
    -33.0615      47.9925 
    -31.3097     108.4902 
    -29.5575     153.7456 
    -29.7161    -167.0509 
    -28.8020    -146.1557 
    -28.2138    -121.5499 
    -26.6247    -105.9614 
    -26.0735     -93.2670 
    -25.4866     -91.7459 
    -26.2687     -93.5122 
    -27.5098    -103.3143 
    -30.8043    -123.4970 
    -33.1333    -137.2284 
    -33.5936    -173.0936 
    -33.6848     138.0015 
    -31.7578      90.6433 
    -31.6206      25.7024 
    -32.3827     -38.1246 
    -37.3735    -104.0749 
    -44.3132     166.9989 
    -42.0877       7.6464 
    -40.0783     -48.0055 
    -42.0900     -94.8232 
    -46.5317     171.9762 
    -47.4787      13.2590 
    -43.2791    -102.3247 
    -42.9382     120.2467 
    -40.5197     -12.3394 
    -45.6303    -156.3939 
    -41.5732      23.5927 
    -38.0191     -86.7449 
    -41.1176     139.1405 
    -40.2978    -163.2997 
    -38.5750     -29.1618 
    -38.6365     111.4832 
    -41.8438    -106.4707 
    -42.1920      64.0475 
    -41.6690    -160.9853 
    -42.6576     -37.1909 
    -45.0887      79.5620 
    -40.1163    -146.4391 
    -39.9016     -29.4365 
    -40.1985      44.0232 
    -38.2808     128.4166 
    -39.4195    -138.4281 
    -37.3171     -39.8265 
    -33.1745      48.6406 
    -29.7840     118.1172 
    -28.3400    -178.6511 
    -28.1597    -130.0650 
    -29.4056     -92.4123 
    -29.1334     -75.4255 
    -27.8099     -46.6980 
    -25.9263     -28.2905 
    -24.4423     -10.8753 
    -24.1572      -7.1144 
    -24.6269      -8.6009 
    -26.0594     -23.7799 
    -29.0145     -40.4780 
    -31.9380     -59.1627 
    -34.1155     -86.2725 
    -33.2372    -137.8904 
    -31.0024     159.1447 
    -29.1678      90.1146 
    -30.5640      25.1955 
    -33.6895     -36.1754 
    -40.8032    -106.6234 
    -45.5557      67.3943 
    -40.8830       9.3285 
    -39.8485     -37.4963 
    -42.4822    -132.9973 
    -42.2111      64.1483 
    -39.2469     -54.4856 
    -40.2883     163.7471 
    -39.8441      37.7264 
    -42.3436     -97.8662 
    -39.8624      77.9687 
    -37.7112     -38.6540 
    -38.9107    -175.9309 
    -38.7157    -117.5132 
    -38.1547      14.6299 
    -38.1556     146.5516 
    -40.0743     -55.0511 
    -39.2023     112.9698 
    -38.6052    -115.3490 
    -39.9876       8.0895 
    -40.8926     138.0317 
    -38.5952     -89.8141 
    -38.7810      24.2942 
    -39.5509     103.8059 
    -38.1118    -161.7070 
    -38.3456     -74.1774 
    -34.2682      22.8292 
    -30.2921     108.4936 
    -27.8612    -179.8887 
    -27.1300    -111.8606 
    -28.1161     -61.1428 
    -29.1043     -23.6982 
    -28.7296       2.2337 
    -26.5054      34.5806 
    -24.4094      58.0095 
    -22.8763      73.6080 
    -22.6205      77.9306 
    -23.0307      72.1739 
    -24.4879      56.0713 
    -26.2238      41.4543 
    -28.9710      18.8455 
    -31.4794      -6.7665 
    -31.0854     -60.6031 
    -29.7115    -138.7389 
    -27.9760     153.1007 
    -28.7193      85.3251 
    -30.9095      13.6449 
    -37.2605     -55.9253 
    -53.8809    -169.2250 
    -42.1172      60.4302 
    -37.0429      12.4688 
    -38.8916     -91.6323 
    -40.7325     103.3329 
    -37.1994     -10.3558 
    -37.5624    -139.6594 
    -38.3789      82.7516 
    -40.1757     -45.8983 
    -39.5812     140.5281 
    -36.2034       1.0517 
    -37.4219    -124.4688 
    -37.3008     -77.6363 
    -38.0978      50.6255 
    -37.1163    -171.8430 
    -38.8055      -9.9738 
    -38.4718     149.0676 
    -36.4952     -74.6826 
    -37.2600      49.3437 
    -38.6360    -172.1239 
    -38.5143     -44.2396 
    -38.3191      66.5150 
    -37.0737     160.7016 
    -38.4521    -103.1940 
    -35.3532     -20.9493 
    -31.5249      78.1132 
    -28.0792     159.0883 
    -26.6294    -127.0908 
    -26.5183     -57.4239 
    -27.5101      -1.0363 
    -27.8859      46.4497 
    -27.3143      84.5586 
    -24.5997     112.4416 
    -22.0998     134.4398 
    -20.2996     144.5563 
    -19.9537     147.7985 
    -20.2249     138.6407 
    -21.9830     124.7921 
    -23.4174     111.5357 
    -25.3217      90.7887 
    -26.3490      63.7275 
    -27.5334       6.9018 
    -28.3021     -73.8256 
    -26.9808    -150.2809 
    -26.5207     135.9877 
    -28.1984      63.4543 
    -33.9991      -4.0598 
    -44.9299     -63.1017 
    -39.3313     127.6561 
    -36.1572      58.6992 
    -35.6423     -42.6105 
    -38.3372     151.4076 
    -35.2627      22.6747 
    -36.0989     -97.9134 
    -36.4555     124.5799 
    -38.7080     -11.3841 
    -38.7988    -179.8465 
    -34.8833      40.2405 
    -36.3910     -92.9092 
    -35.9843     -50.0251 
    -36.7812      79.7710 
    -36.2677    -137.6225 
    -37.9334      23.0591 
    -36.1533     175.9339 
    -35.4189     -45.0463 
    -35.3664      84.1666 
    -36.9034    -134.2468 
    -37.0382     -11.0612 
    -35.9385     101.4020 
    -34.5947    -148.6413 
    -36.5789     -61.8150 
    -32.3768      24.2527 
    -29.6068     121.1385 
    -26.5356    -157.8590 
    -25.4103     -84.7156 
    -24.8879     -14.1120 
    -25.3252      51.3005 
    -25.4171     108.7399 
    -24.3815     149.1315 
    -22.3166     171.7349 
    -19.5004    -172.0235 
    -17.7064    -163.1215 
    -16.8849    -160.8097 
    -17.3706    -168.0661 
    -19.2931    -179.8546 
    -21.0822     167.8648 
    -22.4986     152.0135 
    -22.9213     121.9561 
    -24.8999      65.5846 
    -27.2104     -14.1333 
    -26.0718    -101.5005 
    -25.5995    -177.7203 
    -27.2525     109.3939 
    -31.6873      39.9328 
    -38.0358     -19.0946 
    -36.7108    -162.4365 
    -34.2749      85.1097 
    -33.9691      -2.2051 
    -37.8182    -159.6185 
    -33.1323      56.8561 
    -34.2638     -62.1936 
    -35.3359     158.5791 
    -36.8902      21.3405 
    -37.4294    -136.3448 
    -34.0414      74.9687 
    -34.5590     -59.7332 
    -35.1944     -24.6238 
    -35.2387     107.8503 
    -35.2134    -104.0495 
    -36.3480      50.3805 
    -34.9739    -155.4533 
    -33.8159     -20.0490 
    -33.3665     116.8289 
    -36.1746    -103.1624 
    -35.7295      18.8598 
    -33.5698     137.5631 
    -33.2894    -107.5914 
    -33.4203     -24.1899 
    -30.2921      67.1195 
    -27.8950     154.0708 
    -25.2897    -123.5289 
    -23.8886     -49.7156 
    -23.0813      23.7653 
    -22.6911      96.5762 
    -22.6445     155.7911 
    -21.7157    -165.7990 
    -19.5526    -148.3487 
    -16.5255    -135.0840 
    -14.4717    -125.1049 
    -13.8096    -121.4262 
    -14.5701    -127.5461 
    -16.5791    -139.5617 
    -19.3717    -153.9662 
    -20.9513    -166.0223 
    -21.0770     161.3686 
    -22.8649     104.3422 
    -25.8022      23.9232 
    -25.0134     -66.0777 
    -24.3910    -149.4179 
    -26.3030     139.1687 
    -29.5170      77.0667 
    -34.7311       7.8814 
    -35.4204    -118.3609 
    -31.0458     118.1323 
    -33.1285      30.1869 
    -37.2411    -120.7091 
    -32.4750      91.6511 
    -32.6077     -33.9481 
    -33.4679    -171.3840 
    -35.4611      46.6448 
    -36.1818    -114.8227 
    -32.8058     102.0996 
    -33.5852     -35.7036 
    -34.3611     -10.9002 
    -33.7322     124.7154 
    -34.9307     -80.3871 
    -34.7305      69.4544 
    -33.6099    -137.4967 
    -33.0001      -0.9168 
    -32.6205     143.1729 
    -34.6705     -82.9710 
    -34.3638      38.2986 
    -31.8981     160.7630 
    -32.2835     -82.4793 
    -30.8810       6.9006 
    -29.6347      95.9795 
    -26.5348     176.9540 
    -23.9724     -99.2713 
    -22.2511     -24.7019 
    -20.8368      51.6585 
    -20.3848     127.7267 
    -20.4339    -173.1439 
    -19.5367    -138.2762 
    -16.7867    -121.7045 
    -13.2991    -105.4457 
    -11.8181     -94.1635 
    -11.2819     -91.0031 
    -12.2243     -96.9003 
    -14.0049    -110.2385 
    -16.8038    -129.7972 
    -19.2858    -143.3839 
    -19.1328    -172.2673 
    -20.4815     131.6012 
    -23.0490      51.7477 
    -23.1396     -39.2830 
    -22.9083    -122.2357 
    -25.0394     162.7080 
    -29.0446     104.6198 
    -32.2654      33.5237 
    -35.0844     -76.8149 
    -29.5563     146.6042 
    -32.2819      46.8197 
    -36.9575     -77.7986 
    -31.7236     119.3975 
    -30.9859      -9.7090 
    -32.6602    -145.4561 
    -34.1053      67.8848 
    -34.4824     -87.8480 
    -32.5544     122.7257 
    -32.5128     -14.0332 
    -33.5886      -0.3712 
    -32.2889     145.4816 
    -34.3856     -64.6454 
    -33.9321      83.1800 
    -32.6437    -118.5505 
    -31.4055      14.7805 
    -31.9475     158.7071 
    -33.5570     -65.6824 
    -32.9083      55.9846 
    -30.5225     179.4561 
    -31.0053     -65.1262 
    -29.5387      31.1729 
    -28.5532     111.6039 
    -24.8931    -166.0418 
    -22.6935     -81.4309 
    -20.6894      -4.2013 
    -19.2071      75.5623 
    -18.5633     150.0591 
    -18.5722    -153.6239 
    -17.2332    -121.2383 
    -13.9718    -100.3403 
    -11.1257     -82.5360 
     -9.9611     -72.6415 
     -9.5008     -70.8306 
    -10.3829     -76.4911 
    -11.6434     -87.8860 
    -13.9054    -109.3999 
    -16.7487    -127.9278 
    -17.4394    -154.7435 
    -18.5111     151.6074 
    -20.7212      74.3662 
    -21.3694     -19.2275 
    -21.6753    -103.5360 
    -23.4277     179.2430 
    -27.7311     115.4951 
    -31.4774      48.1077 
    -35.4205     -66.1694 
    -28.6509     171.5793 
    -30.5987      62.4124 
    -37.3103     -69.0261 
    -31.8560     136.1905 
    -30.1774       9.9733 
    -31.8519    -127.0458 
    -33.3149      83.5761 
    -34.0554     -73.7610 
    -31.5564     138.4391 
    -32.3788       2.1188 
    -32.9210       4.7637 
    -32.1100     152.3487 
    -34.1310     -56.0643 
    -32.9558      92.0743 
    -31.8039    -114.7608 
    -30.6811      22.2578 
    -31.3943     167.1919 
    -32.8733     -59.0373 
    -32.2191      63.3061 
    -29.7173    -167.9486 
    -30.1954     -56.4363 
    -28.7939      42.8202 
    -27.3986     118.8677 
    -23.9924    -155.1043 
    -21.8540     -71.8520 
    -19.3462       9.0997 
    -18.2478      89.2236 
    -17.3377     161.3441 
    -17.1203    -143.9590 
    -15.5505    -110.6371 
    -12.4638     -85.5496 
    -10.0960     -68.8550 
     -8.6842     -60.1648 
     -8.2003     -58.5794 
     -8.8524     -64.2002 
    -10.4256     -73.9590 
    -12.2329     -93.8507 
    -15.1619    -116.7038 
    -16.4310    -142.9038 
    -17.3548     164.6007 
    -19.3509      90.0008 
    -19.7631      -4.9263 
    -20.5440     -90.5993 
    -22.3502    -165.7403 
    -27.4616     125.2139 
    -31.2804      59.8734 
    -35.1045     -54.7998 
    -28.9504    -173.6891 
    -29.7715      75.5513 
    -35.7949     -53.0667 
    -31.7972     144.8023 
    -29.9224      22.1276 
    -31.8547    -112.6173 
    -33.2017      94.1547 
    -33.3000     -59.9439 
    -31.8996     148.2341 
    -31.8170      12.1536 
    -32.8342       9.9647 
    -31.8836     156.4682 
    -32.9031     -52.1988 
    -32.6857      96.0938 
    -31.5700    -110.4558 
    -30.0640      27.9839 
    -31.2047     169.8088 
    -32.5784     -55.4632 
    -31.6110      69.0876 
    -29.1354    -163.3246 
    -29.8413     -51.9234 
    -28.5082      48.2167 
    -26.8481     123.4256 
    -23.9401    -150.9104 
    -21.4065     -68.7886 
    -18.9635      15.0644 
    -17.8175      95.1904 
    -16.8203     165.6686 
    -16.5523    -139.6623 
    -14.9680    -105.1776 
    -12.1815     -79.4419 
     -9.7078     -63.9041 
     -8.2263     -55.0995 
     -7.5770     -53.5137 
     -8.3135     -59.0633 
     -9.9021     -68.4900 
    -11.6944     -87.7752 
    -14.4656    -112.5145 
    -16.0691    -139.9968 
    -16.9110     168.8439 
    -18.9809      94.7112 
    -19.2660       0.5821 
    -20.3446     -85.1562 
    -22.2264    -162.4804 
    -27.1187     124.7215 
    -31.7578      55.5598 
    -35.3260     -60.5668 
    -28.7136    -170.1091 
    -29.7152      82.0126 
    -36.1772     -52.1234 
    -31.3921     147.0987 
    -30.0164      28.1438 
    -31.8756    -109.0317 
    -33.2292      94.5018 
    -33.5344     -62.1121 
    -31.4006     151.4721 
    -32.5316      16.2533 
    -32.9498       5.1823 
    -31.7763     147.9892 
    -33.0419     -56.1867 
    -32.9630      92.5112 
    -31.4422    -117.9321 
    -30.3946      23.6637 
    -31.2071     168.4292 
    -32.2842     -61.2212 
    -31.3930      62.9041 
    -29.6609    -166.7739 
    -30.3343     -55.8174 
    -28.5631      42.6653 
    -27.0132     120.2215 
    -24.0082    -155.3312 
    -21.5911     -73.3328 
    -19.2259      10.2891 
    -18.1382      90.8848 
    -17.3908     162.9412 
    -17.0930    -141.7032 
    -15.6769    -108.1531 
    -12.7041     -82.8611 
    -10.1230     -66.2140 
     -8.7830     -57.1943 
     -8.0942     -55.3704 
     -8.8890     -60.3332 
    -10.2503     -69.8430 
    -11.8759     -89.8217 
    -14.8901    -115.6816 
    -16.5580    -141.4889 
    -17.2938     167.9221 
    -19.2155      91.5190 
    -19.5941      -2.1494 
    -20.4523     -85.2852 
    -22.4279    -162.2514 
    -27.9039     124.8885 
    -32.1614      52.8426 
    -34.5106     -64.8142 
    -28.7274    -171.9073 
    -30.4154      84.8546 
    -36.0772     -47.8160 
    -31.5649     147.0532 
    -30.2951      27.9831 
    -32.3555    -109.2837 
    -33.3611      93.2508 
    -33.7582     -60.6091 
    -31.8518     150.1188 
    -32.4610      15.3577 
    -33.4891      -1.1752 
    -31.9475     143.4628 
    -32.6518     -63.0970 
    -33.2572      81.8453 
    -31.3164    -124.1089 
    -30.9600      17.7584 
    -31.9779     157.9994 
    -33.0363     -70.2114 
    -31.8226      57.2188 
    -30.0971    -175.9502 
    -31.2914     -60.4115 
    -29.0420      32.6203 
    -27.8816     113.0998 
    -24.6655    -165.7680 
    -22.6843     -83.7628 
    -20.0781      -1.6967 
    -18.8826      79.4943 
    -18.2108     154.0914 
    -18.3405    -149.1596 
    -17.5455    -115.8550 
    -14.2991     -94.6296 
    -11.5372     -76.7180 
     -9.9078     -66.8957 
     -9.2666     -64.6138 
     -9.8715     -68.9913 
    -11.3217     -79.3135 
    -13.4359    -101.1338 
    -16.6611    -125.3564 
    -17.9189    -149.5803 
    -18.3652     159.3307 
    -20.1020      77.6353 
    -20.4216     -12.5539 
    -21.5043     -93.4795 
    -23.6359    -172.8192 
    -28.9058     117.8026 
    -32.8202      37.0950 
    -34.4142     -76.3089 
    -29.1938     178.8374 
    -31.5098      80.3480 
    -38.0788     -61.9651 
    -31.7256     136.2548 
    -31.6485      21.5129 
    -33.0388    -119.9880 
    -33.9771      82.1059 
    -33.5307     -73.8838 
    -31.6045     144.2032 
    -33.5893       9.9401 
    -33.6933     -15.3165 
    -32.4437     126.9630 
    -33.4036     -80.1418 
    -33.7446      70.1421 
    -31.9306    -139.4348 
    -32.0537       0.3300 
    -32.7151     139.4548 
    -33.6904     -87.0108 
    -32.4967      41.3301 
    -31.3371     168.7401 
    -33.3676     -73.1541 
    -30.2184      12.9221 
    -28.7929     101.0564 
    -26.0806     176.7047 
    -23.5627    -101.1663 
    -21.6530     -19.7759 
    -20.5616      58.8776 
    -20.0721     134.5780 
    -20.0232    -164.9271 
    -19.5549    -129.0409 
    -16.8382    -113.3074 
    -13.7346     -97.0915 
    -12.1218     -85.9833 
    -11.3346     -82.3907 
    -11.9572     -86.8507 
    -13.2263     -98.1670 
    -15.7514    -118.7383 
    -18.7818    -138.1795 
    -19.7110    -164.5800 
    -20.6162     141.1672 
    -21.8558      57.3708 
    -21.9802     -28.3720 
    -22.5629    -107.5574 
    -25.3618     175.1916 
    -30.1007     110.5536 
    -34.1651      21.5623 
    -33.9334     -87.9526 
    -30.0133     164.7633 
    -32.9237      71.4445 
    -38.7763     -81.9310 
    -32.2474     124.7326 
    -31.9247       8.8584 
    -34.0739    -133.5438 
    -34.6859      70.2935 
    -34.3546     -83.1622 
    -32.4298     132.6565 
    -34.0195      -0.6938 
    -34.1825     -30.8726 
    -33.4627     110.4665 
    -33.4768     -98.8818 
    -34.8178      52.2162 
    -33.4331    -155.1500 
    -33.4935     -15.7827 
    -33.4758     114.7238 
    -34.5758    -111.0248 
    -33.4506      25.3862 
    -33.1659     144.9823 
    -34.6935     -95.4469 
    -32.6524     -11.8436 
    -30.4682      79.5690 
    -27.7770     155.4014 
    -24.9938    -124.9544 
    -23.1722     -44.6545 
    -22.5424      32.1344 
    -22.1117     105.8727 
    -22.0979     168.2994 
    -21.8805    -152.3515 
    -19.8697    -135.5605 
    -17.0080    -123.5431 
    -14.8242    -113.4807 
    -14.1756    -109.6622 
    -14.5309    -114.4346 
    -16.3516    -125.4647 
    -18.7361    -142.0213 
    -21.0539    -160.3695 
    -21.8526     168.3973 
    -23.1462     111.2099 
    -23.8578      28.7545 
    -23.6019     -52.2976 
    -24.5856    -128.8655 
    -27.3318     155.0796 
    -31.2513      88.3959 
    -35.7639      -8.2526 
    -34.5535    -111.6632 
    -31.8814     145.4957 
    -34.7396      59.4768 
    -39.6942    -117.7411 
    -32.7885     104.0463 
    -33.5310      -7.2439 
    -34.9337    -155.9260 
    -36.0604      47.4671 
    -34.4267    -105.7182 
    -33.2332     117.6417 
    -35.8047     -21.7125 
    -35.0800     -55.4128 
    -34.1511      85.7885 
    -34.9281    -127.1886 
    -36.0506      26.9091 
    -35.2883     178.3972 
    -35.0900     -42.1805 
    -34.5204      86.6382 
    -35.2410    -136.3616 
    -34.5431      -3.4021 
    -36.0548     112.4547 
    -35.7054    -134.0357 
    -35.7420     -40.0262 
    -32.5659      43.8786 
    -29.7451     127.0250 
    -26.8201    -155.5580 
    -24.9672     -76.5671 
    -24.1943      -3.8759 
    -24.1721      65.5477 
    -24.5565     126.3645 
    -24.5042     167.7988 
    -22.7082    -168.4751 
    -20.2301    -155.9327 
    -17.7269    -148.2110 
    -16.7564    -145.5247 
    -17.0845    -150.5277 
    -18.8888    -160.8931 
    -21.1157    -174.8918 
    -23.2872     162.4053 
    -24.7479     128.8871 
    -25.7342      69.7212 
    -25.4929      -4.1138 
    -24.8959     -81.4741 
    -26.2859    -154.6694 
    -29.4715     132.5543 
    -33.6435      56.0718 
    -38.0707     -38.7197 
    -34.4626    -141.8095 
    -34.0080     123.9869 
    -36.3930      33.1942 
    -40.1045    -156.0528 
    -33.9382      81.6888 
    -34.4868     -31.6364 
    -36.7790     176.0155 
    -36.5492      28.4200 
    -35.6773    -126.8739 
    -33.9934      95.4887 
    -36.9695     -42.8178 
    -36.0032     -82.5770 
    -35.5830      58.1851 
    -36.3386    -155.7401 
    -37.6245      -4.7399 
    -38.4520     143.5437 
    -36.4309     -74.5286 
    -35.6746      59.4311 
    -36.2409    -167.0772 
    -36.3182     -41.1388 
    -38.8156      74.7141 
    -38.7497     179.1282 
    -38.8690     -78.1464 
    -35.4692       1.8404 
    -31.6155      89.0260 
    -28.0975     166.9298 
    -26.5599    -117.0341 
    -26.0285     -45.8094 
    -26.4386      14.7988 
    -27.3879      66.8448 
    -27.1703     107.7188 
    -25.1231     135.5542 
    -22.4874     151.9269 
    -20.3800     161.0800 
    -19.6429     162.9987 
    -19.7981     157.6995 
    -21.2689     147.1095 
    -22.9850     130.2976 
    -25.3299     104.4905 
    -27.3777      70.3450 
    -28.1529      16.9752 
    -27.0647     -48.0808 
    -26.4268    -119.7597 
    -28.2554     168.4250 
    -30.7658      92.1186 
    -35.2303       5.3042 
    -39.0793     -84.6818 
    -36.3636     171.1975 
    -36.3108      97.8866 
    -40.4674       0.8730 
    -39.7774     163.9408 
    -34.8974      53.6076 
    -36.1140     -59.1370 
    -38.2542     147.1042 
    -37.9491      -5.8757 
    -36.0998    -158.7168 
    -35.7513      68.8130 
    -38.9425     -77.5444 
    -38.0130    -115.7248 
    -36.6343      20.9722 
    -37.2869     165.5649 
    -39.8576     -50.3353 
    -40.4860      96.1364 
    -38.2917    -117.7441 
    -37.9667      23.1781 
    -37.9515     150.7015 
    -37.7213     -87.4774 
    -40.9082      22.7593 
    -42.0421     114.9156 
    -40.3359    -131.0431 
    -38.9999     -47.2449 
    -34.1796      32.1937 
    -30.0511     115.3829 
    -28.0522    -169.1629 
    -27.2145    -101.6572 
    -27.8649     -42.7381 
    -29.6474      -2.5362 
    -29.7218      29.2246 
    -27.6313      56.9605 
    -24.9225      78.7181 
    -23.3038      91.3209 
    -22.4432      95.5083 
    -22.7520      90.7581 
    -23.6889      77.5444 
    -25.8162      57.0674 
    -28.0719      31.4255 
    -30.1956       0.6276 
    -29.5098     -41.2337 
    -27.8906    -100.0802 
    -28.2038    -167.5354 
    -30.3498     120.4791 
    -33.3870      37.5713 
    -37.1414     -53.8192 
    -39.6130    -143.6074 
    -38.4993     127.6084 
    -39.0137      62.7535 
    -47.3934     -48.3583 
    -40.0947     120.3691 
    -36.7237      24.3239 
    -38.3898     -96.7572 
    -40.3772     109.0068 
    -39.4590     -40.3794 
    -37.8683     167.1220 
    -37.0711      38.4416 
    -39.9163    -108.5032 
    -39.8901    -153.2615 
    -38.1967     -20.4122 
    -38.7364     125.3156 
    -40.9732     -98.9533 
    -42.3133      47.4443 
    -41.1214    -155.5985 
    -39.6534     -21.6600 
    -39.7533      97.1350 
    -39.5409    -138.3278 
    -42.9446     -33.6725 
    -43.7486      46.3046 
    -41.4435     153.4395 
    -41.3769    -107.7010 
    -36.5784     -35.9296 
    -31.9290      57.3718 
    -30.2942     129.9561 
    -29.1427    -168.7946 
    -29.2663    -108.8603 
    -31.0533     -68.3088 
    -31.3808     -44.8053 
    -29.2108     -25.3266 
    -26.7719      -1.5523 
    -25.4042      13.9586 
    -24.8226      19.3337 
    -24.9936      16.6083 
    -26.0265       0.9033 
    -28.2760     -21.4798 
    -30.9544     -40.2571 
    -32.2177     -66.3722 
    -30.8518    -108.0388 
    -29.8979    -163.1875 
    -30.8011     130.7762 
    -33.1344      56.3482 
    -36.0625     -24.4264 
    -38.6144    -109.4648 
    -39.9766     153.2231 
    -41.9192      76.2930 
    -44.8630      23.3740 
    -53.6089    -165.0031 
    -40.4468      75.7859 
    -38.6600     -16.5048 
    -41.7875    -141.9526 
    -42.3249      65.3576 
    -40.5050     -93.6222 
    -38.3077     127.4170 
    -38.9840       0.7762 
    -41.9889    -155.3954 
    -41.9436     160.8801 
    -39.6863     -66.6092 
    -39.4727      70.7245 
    -41.3794    -154.8096 
    -44.6920      -2.5306 
    -44.6649     157.5576 
    -42.3983     -80.5491 
    -42.5758      41.1145 
    -41.7187     165.0923 
    -44.0842    -105.3099 
    -44.5612     -25.7316 
    -44.8575      72.2155 
    -42.3359     165.7918 
    -38.9865    -102.4254 
    -35.3135     -10.1547 
    -32.8614      58.5027 
    -31.4917     120.2081 
    -31.0966     177.5801 
    -31.4687    -142.0441 
    -32.4787    -114.8803 
    -31.0026    -100.5764 
    -28.9999     -80.8391 
    -27.3902     -66.7280 
    -26.5127     -60.7295 
    -27.1392     -62.1745 
    -28.1160     -75.3387 
    -30.6620     -96.3236 
    -33.0026    -112.4901 
    -33.7001    -143.2126 
    -33.4505     173.6922 
    -33.0713     124.5601 
    -33.7855      60.3506 
    -35.6519     -18.0911 
    -38.9593     -92.8235 
    -40.0740    -173.8645 
    -42.4823      86.8049 
    -47.3185      16.1503 
    -59.5402     -20.2082 
    -49.0509      96.8558 
    -42.2487      29.6292 
    -41.5146     -58.9015 
    -45.5353     169.4715 
    -44.5204       5.3240 
    -42.2192    -143.4299 
    -40.1496      81.1507 
    -40.4047     -41.5912 
    -42.9251     161.7512 
    -43.2427     107.1518 
    -41.0654    -121.0093 
    -40.7729      20.1894 
    -42.5077     156.2583 
    -47.1279     -66.4566 
    -49.4455      84.2789 
    -45.6795    -145.4273 
    -44.3934     -10.1281 
    -45.9326     100.6997 
    -44.9582     176.2070 
    -45.4325     -95.2684 
    -48.4239     -11.2418 
    -42.1977      70.9618 
    -40.2552    -172.6553 
    -39.6469     -75.5657 
    -35.6591     -14.6307 
    -33.8120      52.5458 
    -34.4014     100.5600 
    -33.0397     135.1096 
    -32.5913     162.2119 
    -31.8536    -179.5824 
    -30.5203    -162.6695 
    -29.2764    -152.4006 
    -28.8830    -146.0977 
    -29.4544    -147.3748 
    -30.4285    -158.5435 
    -32.2896    -178.0930 
    -33.9278     161.1527 
    -34.3793     126.0053 
    -36.0153      85.4711 
    -36.1406      48.3572 
    -35.9075     -17.9377 
    -37.5687     -94.3468 
    -40.5761    -173.9702 
    -44.9303     100.3959 
    -47.3899      20.9405 
    -52.0744     -70.3406 
    -52.4160     102.2920 
    -47.6202      31.9313 
    -44.6858     -18.1338 
    -47.4221    -105.3678 
    -51.1551      99.6515 
    -47.2193     -62.5049 
    -42.8760     161.4369 
    -40.7541      35.2958 
    -43.0259     -92.5295 
    -44.4953     103.4252 
    -44.3349      47.1532 
    -42.0866    -175.9584 
    -41.9358     -33.3239 
    -43.7114      98.2854 
    -47.1492    -143.9301 
    -51.1283     -17.5778 
    -49.7048     143.4844 
    -48.7000     -73.0468 
    -50.6067      36.8350 
    -46.8374     103.4442 
    -45.6473    -160.7850 
    -47.0379     -97.5883 
    -42.8009      -9.0313 
    -44.1823      99.7007 
    -43.1795    -163.9117 
    -38.2061     -82.2761 
    -35.6429     -19.3432 
    -35.3963      24.1625 
    -35.1851      56.2526 
    -34.1192      73.7651 
    -32.6927      93.3385 
    -31.7124     112.7575 
    -30.8593     125.3336 
    -30.7110     129.6850 
    -31.0369     127.3912 
    -31.7934     113.9904 
    -33.1087      90.5663 
    -35.5564      64.5630 
    -36.8995      38.9263 
    -37.3090       6.5535 
    -38.0925     -35.1394 
    -37.8720     -90.2775 
    -38.7318    -166.1664 
    -41.6361     101.5321 
    -47.6177      -0.6162 
    -51.7802     -71.6957 
    -52.7144     179.6763 
    -49.6018      55.3107 
    -48.9538     -23.9055 
    -51.5764     -74.4037 
    -57.5502    -122.5084 
    -57.6161     -27.1749 
    -49.2559    -133.8680 
    -44.2221     104.9859 
    -42.8206     -19.9671 
    -45.1493    -145.9337 
    -46.0320      49.4566 
    -44.3199     -16.5361 
    -42.8450     127.7445 
    -44.0030     -87.8488 
    -46.3975      32.7856 
    -46.6924     132.4906 
    -50.0051    -106.4910 
    -53.7640      59.8562 
    -53.7785    -121.5711 
    -62.0159     -26.9372 
    -50.2050      28.6687 
    -47.7814     127.3809 
    -46.1866    -174.3156 
    -43.6223     -85.4399 
    -47.1361      -6.1827 
    -46.3552      83.9325 
    -42.1326    -163.6203 
    -38.7606    -101.5435 
    -37.1616     -61.4534 
    -36.1066     -24.3491 
    -36.1131      -6.5141 
    -34.5996       9.3507 
    -33.6159      19.3275 
    -32.3515      30.2447 
    -31.8085      32.3613 
    -32.2445      27.2935 
    -33.4579      13.5350 
    -35.1902      -3.4348 
    -37.2723     -24.2001 
    -38.6017     -41.3714 
    -38.5080     -75.5066 
    -40.5176    -129.3411 
    -41.7394    -172.5328 
    -42.1121     116.2459 
    -43.4877      18.8818 
    -45.6433     -90.9705 
    -49.8498     168.5104 
    -54.3881      81.1129 
    -51.5002      -0.4085 
    -51.7399     -90.1830 
    -66.2224     -38.0641 
    -54.3574     -76.3020 
    -53.0636    -131.3074 
    -50.0614     143.5688 
    -46.0504      42.7165 
    -44.9795     -74.1921 
    -47.6963     148.2919 
    -45.8778     -15.5130 
    -43.6309     -84.8120 
    -43.5875      67.9924 
    -47.5967    -151.6201 
    -47.7209     -67.6004 
    -47.0686      52.9586 
    -50.2279     174.1902 
    -58.1419     -37.0388 
    -64.9161    -141.9333 
    -63.6879      72.1476 
    -54.4264     -64.4033 
    -54.0422      59.0874 
    -50.1558      96.3085 
    -44.4300    -170.6214 
    -45.5986     -97.5747 
    -46.0667     -17.0767 
    -46.8405      86.6167 
    -43.8341     159.5683 
    -41.5730    -149.9670 
    -40.7910    -115.1765 
    -38.5571     -94.7494 
    -37.4954     -76.4795 
    -35.6487     -71.8778 
    -34.9241     -62.1400 
    -34.2785     -61.7318 
    -34.9131     -67.4580 
    -35.9433     -77.9438 
    -37.2133     -93.1320 
    -38.4102    -117.9009 
    -41.0465    -138.9803 
    -41.8495    -163.1768 
    -42.8623     139.3416 
    -46.3098      80.4390 
    -47.1802      15.9411 
    -45.7224     -69.2879 
    -45.3940    -166.7297 
    -48.2511      89.4493 
    -57.1399      -7.7951 
    -60.0108     -64.9523 
    -59.4804    -156.1646 
    -57.8403     -22.5013 
    -49.6743    -121.9963 
    -50.5622     155.5901 
    -50.7401      68.3105 
    -48.8472     -25.6617 
    -48.1338    -141.6784 
    -50.3085      76.2220 
    -47.0915     -78.7152 
    -44.1758    -149.3929 
    -45.0777       6.2950 
    -52.6380     103.2823 
    -46.5589    -154.6854 
    -47.5672     -16.9615 
    -54.9646      98.4265 
    -62.6456    -144.8037 
    -59.6486    -134.5264 
    -54.9959       9.6625 
    -62.1934     168.6087 
    -63.4504     160.4572 
    -51.8878     -20.0797 
    -46.2384      97.8120 
    -45.0713     173.5446 
    -44.9965    -117.3512 
    -46.4427     -46.0214 
    -47.8955      35.2376 
    -49.1987     103.5799 
    -48.4358     142.4910 
    -45.2989     168.7905 
    -43.6078     167.7368 
    -39.9272    -179.8737 
    -39.3868    -174.9777 
    -38.2256    -169.2824 
    -37.9096    -176.3425 
    -39.1302     170.3540 
    -40.4371     154.5546 
    -42.7883     135.3104 
    -45.9190     111.1543 
    -48.9804      93.5689 
    -46.0060      36.9740 
    -45.8635     -39.5140 
    -47.3245    -109.0811 
    -46.8938    -170.6528 
    -46.8733     115.8939 
    -50.0149      19.1931 
    -59.0251    -115.6769 
    -63.8995      44.6835 
    -63.5903     -85.5729 
    -55.2979     -92.5585 
    -49.0605    -177.2271 
    -49.5320      82.5315 
    -51.7869     -21.0212 
    -53.4314    -110.2892 
    -53.9605     145.2901 
    -52.9185      -8.1874 
    -47.3684    -145.8288 
    -45.6626     143.4293 
    -48.6312     -63.3744 
    -51.3656     -19.0159 
    -45.5828     129.6278 
    -50.7810     -84.3288 
    -64.4498     -26.9554 
    -63.0154      36.4523 
    -55.8755     155.9796 
    -52.6491     -67.3999 
    -63.6744      23.2745 
    -52.1105      85.2726 
    -51.5365    -138.3809 
    -51.3761       9.5347 
    -49.7015      96.3534 
    -46.2051     148.1665 
    -44.9446    -144.0442 
    -49.0113     -93.1420 
    -47.1037     -61.5908 
    -48.9687     -25.6731 
    -47.6176      -6.7527 
    -43.9854      22.1671 
    -43.4102      40.4174 
    -42.2915      53.4324 
    -41.8822      61.9573 
    -41.9514      59.2818 
    -41.8352      44.2094 
    -43.6190      30.3531 
    -46.0925       5.7452 
    -47.6477     -24.8349 
    -48.6569     -66.1261 
    -48.9893     -91.6890 
    -46.3385    -137.1853 
    -46.4119     153.8178 
    -48.9032      93.4746 
    -50.7833      32.6238 
    -55.6629     -52.6201 
    -58.7030     128.5523 
    -54.0426      -9.8125 
    -54.2498    -126.5080 
    -56.0273     164.1127 
    -51.4343     116.4476 
    -50.3279      14.1884 
    -51.9596    -106.9257 
    -55.5005     134.6523 
    -58.5633      29.1285 
    -55.9880     -95.6453 
    -49.9370     149.0157 
    -49.0439      72.0729 
    -51.3988    -155.2722 
    -48.7210     -86.4897 
    -47.3693      55.4801 
    -56.5389     178.2546 
    -58.2295    -177.8284 
    -54.9781     -61.7395 
    -53.6283      87.8507 
    -54.9749    -127.2762 
    -59.2541     -96.4680 
    -48.9684       8.3559 
    -51.5970     129.4866 
    -71.8224     -52.5505 
    -60.7402     -21.9904 
    -46.5959      70.7107 
    -46.6827     144.1149 
    -47.2883     162.1903 
    -45.1871    -153.1920 
    -46.5056    -146.4052 
    -44.0379    -119.7233 
    -44.3593    -100.4358 
    -42.5682     -88.3871 
    -42.2657     -79.0105 
    -41.9049     -73.1312 
    -42.2302     -74.1502 
    -42.3952     -82.9927 
    -43.7161     -96.9790 
    -45.1107    -122.6432 
    -46.5776    -152.4564 
    -47.6173    -173.3404 
    -48.0347     155.7949 
    -48.3788     120.8928 
    -48.7234      69.0487 
    -50.8330      -2.7276 
    -58.6847     -65.9632 
    -72.5077      89.9776 
    -56.9648       6.3598 
    -52.7223     -87.5712 
    -51.2568     165.5557 
    -53.7952      74.4883 
    -57.3918      24.4251 
    -55.3808     -59.6469 
    -52.7431     171.5628 
    -52.9673      46.5229 
    -55.2583     -91.3621 
    -54.8597     155.7131 
    -53.8478      70.2738 
    -52.3368     -14.6113 
    -51.9481     104.4678 
    -49.0872    -152.1501 
    -51.0474     -21.3675 
    -59.2229      23.4169 
    -50.6414     112.1388 
    -54.8549    -124.6227 
    -58.7178      13.6367 
    -62.5389     145.2975 
    -52.2450     166.8313 
    -47.8021     -68.5615 
    -53.8982      18.4940 
    -52.3210      45.8778 
    -55.0276     151.8531 
    -52.9071      -1.3443 
    -55.7977      41.3888 
    -47.3601      67.6295 
    -48.6462     118.3699 
    -46.1157     110.7817 
    -46.6343     146.0910 
    -45.0392     138.9250 
    -43.7697     163.3848 
    -42.6383     161.4451 
    -43.0291     167.6397 
    -43.3250     164.9351 
    -43.9276     163.0193 
    -45.1638     149.1310 
    -46.9940     128.3105 
    -47.0643     106.5566 
    -49.4685      77.0415 
    -51.4507      64.8751 
    -51.7945      19.2237 
    -55.6321     -34.4108 
    -58.6610     -89.8519 
    -67.6240     121.3205 
    -56.1306     -18.5553 
    -54.1755     -95.6500 
    -52.6063    -179.7466 
    -51.9950      90.7227 
    -52.2639     -10.4588 
    -59.1307     -93.9904 
    -61.6514    -162.2056 
    -56.0441      94.7195 
    -52.8762     -25.8433 
    -52.1208    -155.7456 
    -52.5426      73.8817 
    -55.6946     -29.4847 
    -54.6297    -110.5476 
    -50.9398      28.1164 
    -53.6779     134.9877 
    -55.1954    -131.2095 
    -55.9929     -75.8813 
    -51.1783      43.0174 
    -63.9819     148.6252 
    -64.8826    -173.5648 
    -59.4461     -34.0605 
    -50.6452      85.8167 
    -50.7823    -150.7751 
    -54.3390    -118.8266 
    -48.3261     -40.3508 
    -54.4120      38.8534 
    -53.5158      10.8421 
    -65.8808     138.0311 
    -53.2847       6.5694 
    -58.4347      47.1125 
    -48.9315      36.7435 
    -57.3136      38.5553 
    -47.6762      37.6130 
    -50.7748      35.5567 
    -45.4816      41.5999 
    -46.6056      39.2440 
    -45.9023      40.7506 
    -48.7223      31.5352 
    -50.2184      28.2918 
    -52.2122       3.2960 
    -53.8769       9.7064 
    -54.6699     -32.8213 
    -68.7287     -76.9291 
    -62.8920     -44.9239 
    -63.6341     171.7921 
    -58.1307      17.0730 
    -57.0281     -61.6513 
    -54.1562    -119.6134 
    -53.3374     165.1770 
    -53.2539      86.9363 
    -53.2406      -5.9750 
    -53.8935     -97.2512 
    -56.5103     146.9230 
    -61.7580      35.3453 
    -61.2511     -15.0343 
    -57.3172     -97.0701 
    -53.5099     137.4519 
    -51.9081       9.9680 
    -54.7927    -116.4562 
    -55.5510     178.6142 
    -53.3123     -32.6052 
    -63.1185      13.1967 
    -54.2012     115.6291 
    -56.6916    -149.4695 
    -55.0485     -38.4996 
    -58.8206      -7.9129 
    -56.5818     100.7015 
    -58.2111    -129.4183 
    -53.7837      -0.0956 
    -58.1056      90.9044 
    -50.3641     133.3703 
    -48.3766    -126.5130 
    -53.6709     -92.8781 
    -49.3883     -51.1787 
    -64.4380      13.3746 
    -52.5046     -19.6349 
    -62.4713      15.3299 
    -52.8761       8.3551 
    -59.2942    -166.7745 
    -64.9854     -53.6254 
    -51.1768    -130.2744 
    -53.4100     -80.2655 
    -49.1630    -109.4108 
    -55.0896    -106.0330 
    -52.1070    -123.4471 
    -59.7832    -161.8846 
    -61.7083    -156.0223 
    -64.9586      94.5555 
    -65.7208     -49.1878 
    -60.1342      96.3013 
    -57.0614      -8.3681 
    -66.0179     -57.6565 
    -55.8794     -62.0884 
    -51.9115    -152.6349 
    -52.8487     133.2930 
    -53.1277      62.0202 
    -54.0939     -22.3575 
    -54.4114    -114.1199 
    -55.3457     157.8253 
    -55.9595      57.6472 
    -56.7082     -51.7147 
    -58.9432    -138.9966 
    -60.5935     143.2050 
    -57.9820      61.1552 
    -54.1936     -58.6649 
    -54.6717     172.0421 
    -63.0539     138.0029 
    -60.2131     -84.8429 
    -57.7187    -139.1834 
    -52.9826      31.1177 
    -65.8429     134.6891 
    -57.7385    -157.7826 
    -59.0341     -99.3369 
    -56.5819      16.8724 
    -60.6897     148.7861 
    -60.7477    -114.5624 
    -53.8437     -64.4903 
    -49.3332      41.3346 
    -52.3790     120.8310 
    -49.3400     149.1924 
    -49.6275    -135.2620 
    -55.9724    -153.5601 
    -50.4993     -88.3409 
    -54.8848     -89.6233 
    -49.7735     -45.2973 
    -59.1105      -2.7120 
    -51.1879      21.2434 
    -53.3776      86.9920 
    -50.7860      53.1369 
    -52.6308     102.8429 
    -49.2532      62.6158 
    -52.5695      74.3704 
    -49.6812      35.3982 
    -54.1505      -5.9234 
    -54.8337     -12.0804 
    -54.5198     -75.0007 
    -65.8835     -56.3463 
    -52.8128     -90.4692 
    -53.9937    -171.1551 
    -58.4067     170.6895 
    -51.5757     116.2604 
    -51.3800      24.0038 
    -54.7953     -58.7340 
    -55.1696    -134.9052 
    -53.9328     139.8678 
    -54.4374      41.5602 
    -56.6801     -49.6360 
    -57.4430    -143.8756 
    -58.5102     132.3954 
    -60.5942      52.8160 
    -60.4569     -42.4565 
    -58.7366    -135.4321 
    -56.8266     108.2512 
    -61.8617    -176.4231 
    -67.2429      -6.3986 
    -55.2950     148.8866 
    -55.7910     -50.4566 
    -67.2846    -118.1334 
    -57.8941      67.5464 
    -57.3214     176.7477 
    -58.5656     -57.7728 
    -64.8606      -2.6449 
    -54.9378      87.7204 
    -52.1698    -156.5799 
    -55.6032     -61.6117 
    -53.6860     -25.8364 
    -50.2379      44.6704 
    -56.2418     100.2037 
    -49.9830     108.9374 
    -53.7843     177.8420 
    -51.2547     171.9221 
    -51.1344    -138.6477 
    -54.1611    -141.5622 
    -50.4855     -78.4451 
    -53.7046     -86.7099 
    -48.2063     -51.1427 
    -51.8340     -76.6398 
    -48.1334     -50.0891 
    -50.3414     -87.3491 
    -49.7431     -74.4554 
    -49.2055    -122.4501 
    -55.5158    -146.6882 
    -51.9472    -168.6835 
    -56.6227     131.3419 
    -57.3290     173.6007 
    -51.6918      93.6198 
    -54.7976       9.0716 
    -59.7685       4.8057 
    -52.0763     -70.9626 
    -51.9436    -175.9429 
    -54.6497      93.8065 
    -56.0794      26.5898 
    -55.0398     -55.6678 
    -55.3729    -159.4142 
    -57.6747     106.1283 
    -61.9245      25.7217 
    -64.7597     -39.1192 
    -64.3740    -109.5718 
    -62.9384     141.5223 
    -62.6966      44.9721 
    -56.9355     130.9380 
    -57.0801     -58.0033 
    -57.2228      86.6241 
    -62.7129    -100.9662 
    -56.5039     166.1173 
    -54.9507     -19.1306 
    -62.2035     100.4921 
    -65.5353    -171.9088 
    -57.7570    -138.5861 
    -52.5800      -7.0065 
    -59.3995      96.2714 
    -54.6509     122.0773 
    -52.3069    -134.2981 
    -54.5152     -73.3328 
    -54.2476     -56.9505 
    -51.9918      16.0548 
    -58.7289      23.9168 
    -51.2037      61.9291 
    -54.9515      96.2817 
    -50.4386      94.3609 
    -56.3023     149.0845 
    -49.3190     139.2857 
    -52.7279     170.8046 
    -47.1156     156.4325 
    -51.9892     160.3928 
    -47.5377     152.3708 
    -53.1911     135.7181 
    -49.2810     127.3266 
    -51.9142      68.4304 
    -55.8223      74.5373 
    -53.8307      17.4780 
    -65.7977     -45.2240 
    -54.9648       3.8546 
    -52.1368     -92.7616 
    -56.5682     169.3384 
    -60.7515     171.5217 
    -53.1380      85.9691 
    -52.3019     -19.6430 
    -55.0952    -106.4978 
    -57.2117    -169.2062 
    -55.3850     101.4302 
    -56.2671       3.0405 
    -61.9100     -97.3481 
    -69.9737     174.6458 
    -73.8511     137.2310 
    -68.8524      41.1091 
    -74.8943     -58.8149 
    -54.2842      75.1937 
    -56.3419    -103.7248 
    -66.4680     100.3190 
    -60.3513     -42.0743 
    -54.7245      93.5701 
    -59.2434     -94.7796 
    -61.5734    -154.4020 
    -61.3193       7.5826 
    -54.6877     136.1637 
    -54.5503     -90.1545 
    -59.0061    -100.1472 
    -51.3554      15.8044 
    -57.2368     104.2501 
    -55.3903     130.6919 
    -53.7185    -167.9262 
    -62.8234    -111.6293 
    -52.7265    -121.6651 
    -56.6972     -45.6689 
    -52.7161     -70.8434 
    -52.5252     -23.2386 
    -53.8749     -47.5752 
    -51.5601      25.5125 
    -51.9292      -1.6129 
    -50.1702      47.9424 
    -49.7807       8.7916 
    -52.8070      37.5082 
    -50.9658      -9.6973 
    -56.5251      -4.3879 
    -51.6059     -42.2922 
    -59.7840    -101.7040 
    -55.8663     -77.0399 
    -56.0468    -163.8548 
    -78.3144     -32.0125 
    -54.6202     174.0128 
    -52.0585      70.3603 
    -56.8930     -27.7160 
    -60.1499     -29.8153 
    -52.7741    -116.3154 
    -52.8902     143.4205 
    -58.8496      53.3789 
    -60.3766       8.1296 
    -57.8506     -85.9410 
    -60.3772     160.7205 
    -68.0125      36.7730 
    -75.2839     174.3267 
    -72.1432      -6.5343 
    -72.3999    -151.9168 
    -57.1518      25.4481 
    -59.2321    -151.2782 
    -57.1983      91.4797 
    -55.3812     -93.5834 
    -60.4135      14.8837 
    -81.1274      -6.3558 
    -56.0113     125.9684 
    -57.5246     -77.4753 
    -57.2014      61.5331 
    -66.7750     142.3257 
    -51.9031     155.9154 
    -52.7947     -78.2618 
    -59.5699     -83.7676 
    -52.7971       5.0527 
    -59.0004      72.9727 
    -54.8797      52.8587 
    -54.5021     151.3507 
    -57.9330      95.4267 
    -53.0603    -174.3733 
    -55.9227     171.6459 
    -51.2582    -157.9597 
    -60.2495    -131.0245 
    -49.8434    -122.9983 
    -58.0659    -130.5078 
    -50.2366    -109.5980 
    -54.1893    -160.2854 
    -53.1805    -126.9954 
    -54.7674     169.5586 
    -58.4321    -159.5516 
    -53.2977     128.1640 
    -69.3671      47.5809 
    -56.0121     100.9084 
    -56.3987      -1.5856 
    -72.1187      71.7434 
    -53.3557     -22.5363 
    -51.8170    -130.2313 
    -57.7092     133.4697 
    -58.2444     141.1529 
    -53.2114      46.8119 
    -54.7856     -65.4632 
    -62.5172    -173.5931 
    -64.4482    -165.9891 
    -60.5644      73.9184 
    -62.5674     -64.5186 
    -63.2409     135.2123 
    -66.6141     -20.1306 
    -68.8868     171.3079 
    -63.0278       2.6605 
    -62.1297    -142.5361 
    -55.5619      39.6834 
    -57.5891    -159.0373 
    -73.7684     108.8297 
    -57.0342     -90.8286 
    -55.3716      57.2199 
    -61.8540    -111.3313 
    -71.6344      72.4982 
    -56.9019     -42.1363 
    -51.7370      78.7759 
    -68.2549     169.9785 
    -52.4518     164.4448 
    -55.0508     -88.1553 
    -57.8283    -124.6939 
    -53.2926     -38.5917 
    -66.3199    -100.1520 
    -52.3858      -3.6307 
    -66.8981       8.4061 
    -51.5285      40.9902 
    -56.7313      65.0973 
    -52.2075      53.9904 
    -56.3889     115.8015 
    -51.1862      76.1419 
    -58.2961     102.4200 
    -50.5343      78.1585 
    -59.3422      33.0268 
    -53.4863      61.5681 
    -58.1725      -8.2365 
    -56.5124      39.8865 
    -54.9822     -48.4251 
    -77.7746      18.5281 
    -54.6964     -79.6446 
    -57.5684    -173.3176 
    -65.2462    -121.2287 
    -52.5119     145.7917 
    -51.8325      36.9033 
    -62.2833     -59.8132 
    -59.4160     -34.5866 
    -55.3814    -150.3975 
    -57.0645      84.9355 
    -66.0575     -65.9016 
    -65.7349      40.3118 
    -63.9928    -118.2353 
    -60.8278      79.8430 
    -61.8075     -70.4329 
    -63.6530     127.2056 
    -63.8653       7.0134 
    -58.2909    -175.1034 
    -57.2572      -7.9880 
    -66.2248    -178.1103 
    -57.2172      50.3752 
    -54.3141    -161.5432 
    -64.0724      22.0105 
    -58.5479     -93.5724 
    -60.5595      81.6730 
    -56.6673    -109.9116 
    -59.8780       5.5352 
    -56.6659     -45.0262 
    -53.2620      77.8612 
    -70.7500      54.4095 
    -52.5247     132.8004 
    -63.8763    -137.1152 
    -53.8751     170.3311 
    -57.9341     -91.8097 
    -53.8616    -156.0187 
    -54.5490     -53.5697 
    -53.1763    -111.0666 
    -55.0912     -42.8626 
    -55.9530     -82.6620 
    -54.0487     -24.9306 
    -54.8240     -78.3671 
    -55.6164     -29.1615 
    -52.3360     -93.4095 
    -68.4814     -89.5855 
    -54.9604    -113.4785 
    -65.6879     142.4790 
    -57.9762    -128.6653 
    -57.4475     122.0338 
    -63.8396    -140.8562 
    -55.3122     105.6984 
    -59.3793       8.9162 
    -62.3895      50.5174 
    -53.3068     -47.1469 
    -54.7374    -166.5359 
    -65.5312      49.4786 
    -62.0366     142.2519 
    -57.0524       9.4543 
    -58.6786    -135.8699 
    -62.6033      50.7562 
    -66.7481    -119.7730 
    -64.3021      39.5862 
    -61.3273    -121.0017 
    -60.3073      75.4891 
    -59.8384     -27.9452 
    -58.4695     140.6478 
    -60.0898     -35.1248 
    -58.2659    -168.2171 
    -55.3928     -11.7557 
    -61.1535     137.9580 
    -59.0685      52.5872 
    -55.3446    -146.6405 
    -60.4659      44.4013 
    -62.5693    -132.5464 
    -63.5828     107.0615 
    -54.4670    -124.2749 
    -63.8420      -3.3774 
    -54.2556     -58.2638 
    -56.0681      53.6748 
    -57.8902      -4.0988 
    -55.4184      85.6587 
    -63.3094      16.8013 
    -53.6612     113.0484 
    -65.1688      29.1840 
    -51.6891     152.9315 
    -60.7653      83.7986 
    -53.8998     173.9255 
    -62.6831     114.3753 
    -54.1994     178.6784 
    -58.4527     115.3554 
    -55.8156     164.9038 
    -55.7581      88.4714 
    -65.9100     139.5891 
    -57.1943      58.2427 
    -72.1657    -109.5430 
    -57.1293      55.5778 
    -61.9243     -65.3879 
    -60.6338      37.8373 
    -56.2243     -71.2973 
    -62.4916    -168.0072 
    -60.9267    -123.5701 
    -53.9922     120.0109 
    -55.9018     -12.1530 
    -63.5039    -174.1166 
    -62.9000     -31.6867 
    -59.2901     166.5504 
    -59.9370       4.5597 
    -62.0303    -147.7888 
    -65.8011      29.6742 
    -62.1257    -152.9982 
    -60.0389      39.7608 
    -60.2158     -62.0181 
    -62.2891     105.1869 
    -58.7699     -76.0318 
    -55.5848     131.6819 
    -61.4321     -43.2287 
    -61.8431    -149.9585 
    -56.3583     -16.8708 
    -59.6330     154.8589 
    -59.0640      32.4846 
    -61.6265    -147.8721 
    -59.1414      48.9494 
    -58.7942     172.2345 
    -61.6155      95.1301 
    -54.2108    -129.8354 
    -78.8232     132.5807 
    -55.6180     -87.0580 
    -75.3812       0.1358 
    -56.3669     -66.7715 
    -65.8190      37.6446 
    -56.6733     -46.0643 
    -60.3564      77.6276 
    -54.5571     -21.9454 
    -64.9194     124.5308 
    -54.9764       2.8926 
    -68.8712     150.5495 
    -55.0892      20.1518 
    -71.9646     -45.5761 
    -57.8082       2.3661 
    -63.8890     -94.7321 
    -62.3793     -11.2577 
    -61.6569    -132.0028 
    -61.8071      15.2153 
    -58.4400    -124.9600 
    -65.8415      61.0715 
    -58.9545    -134.3106 
    -57.7321     105.4319 
    -65.7554     -32.7807 
    -61.3857      74.4296 
    -56.8314     -72.4121 
    -57.8193     140.1655 
    -61.6601     -28.2145 
    -62.1107     138.9213 
    -62.2002     -38.3667 
    -61.8200     158.9967 
    -63.1465     -10.6806 
    -61.0969    -179.2006 
    -59.4275      17.2915 
    -59.7083     -89.3705 
    -61.5522      86.6791 
    -60.8539    -142.9556 
    -59.7575      64.1198 
    -58.9439     -40.9580 
    -55.4929     140.4092 
    -63.6494     -86.4791 
    -63.8529     173.8364 
    -56.8773     -19.8100 
    -61.9296     170.5784 
    -59.9739       1.0851 
    -67.8232    -178.7252 
    -57.3571      34.4213 
    -61.1873     168.2372 
    -57.7917      80.4945 
    -59.3415    -153.3548 
    -61.1779     105.1925 
    -61.9421    -118.9808 
    -61.9540     118.8823 
    -66.1530    -121.9178 
    -62.8482     106.2434 
    -59.3153    -113.7254 
    -57.7694     130.0826 
    -59.1459     -58.6187 
    -58.3237     162.4319 
    -60.6696     -23.7449 
    -57.8888    -174.7695 
    -66.0023      21.0720 
    -62.6873    -175.0024 
    -64.9126      29.9495 
    -66.4617    -172.7423 
    -65.4759       6.3774 
    -60.2660    -171.2242 
    -61.6839      44.4053 
    -64.0924    -160.8533 
    -58.1732      47.0272 
    -58.6955     -84.3603 
    -63.6432     112.7838 
    -62.8014     -94.8870 
    -59.3890      92.5797 
    -60.1102     -72.6044 
    -59.8063     112.2295 
    -61.8283     -54.2109 
    -64.9439     132.9204 
    -64.8004     -41.9237 
    -62.4748     141.9694 
    -58.6632     -12.1391 
    -59.7334    -149.8543 
    -61.7834      33.3264 
    -78.8723      27.2502 
    -70.6987      50.1436 
    -56.7715    -113.0192 
    -58.0695      64.5964 
    -61.8050     -13.9854 
    -58.9530     125.4172 
    -62.1273     -92.8445 
    -63.7321     147.5095 
    -61.2288     -58.1903 
    -63.8107     173.0460 
    -59.1952     -32.7263 
    -71.1437    -177.5372 
    -56.7829       5.8009 
    -65.3069    -170.6697 
    -59.0434      41.3454 
    -62.6817    -111.3747 
    -62.0962      49.3557 
    -63.2129     -72.4655 
    -64.5149      33.4950 
    -67.3962     -79.5473 
    -60.8196      41.7455 
    -59.4480     -69.9040 
    -62.6251      85.3990 
    -58.2249     -58.9545 
    -59.3330     138.5549 
    -58.5408     -20.6927 
    -61.7703    -171.2479 
    -64.2101      -9.8437 
    -63.0108    -168.5682 
    -71.4531      58.9467 
    -63.5413     132.2939 
    -60.3816       0.9334 
    -67.0097    -167.8880 
    -61.0677       0.6928 
    -59.0061    -133.5698 
    -61.8646      85.4810 
    -64.5453    -105.6409 
    -61.3646      70.7265 
    -61.6430    -102.1125 
    -61.0180      70.7348 
    -60.5034    -102.9807 
    -61.7854      99.2318 
    -63.1074     -56.4311 
    -66.1060     134.0023 
    -62.9024     -51.9716 
