    -57.3769      92.3769 
    -63.5532      -2.7690 
    -52.3469    -144.9988 
    -61.6989      33.5038 
    -56.3138     -33.6750 
    -56.6615     137.2572 
    -58.4547     162.1851 
    -57.0311    -155.2611 
    -54.0051    -108.8139 
    -57.4605    -106.8751 
    -53.6338     -35.0781 
    -53.7234     -52.2918 
    -55.7998      22.8937 
    -52.4744      -2.9820 
    -54.1180      49.0677 
    -54.4889      54.4162 
    -53.7300      94.1130 
    -53.9741      84.4563 
    -53.9767     110.7370 
    -53.9648      66.8135 
    -80.9358     -25.8928 
    -52.7690      47.2380 
    -52.7344     -39.3558 
    -66.8913     -32.8388 
    -53.0812     -56.1605 
    -57.2504    -128.9690 
    -58.6719     -69.9964 
    -53.1795    -135.9859 
    -58.7426     103.6273 
    -72.6309       7.8139 
    -58.6130      36.6338 
    -53.1310     -59.0993 
    -57.4656    -145.5371 
    -61.7484     123.9689 
    -61.2883      59.2602 
    -53.9315     156.0553 
    -60.6709      -5.7118 
    -55.0421     -88.2333 
    -55.9042      99.5264 
    -66.2159     -83.2397 
    -56.9947    -115.0730 
    -57.6984     -50.3064 
    -56.7200      -3.8856 
    -52.7530       8.4318 
    -62.2523      61.9992 
    -51.4662      70.0716 
    -59.6025      75.5861 
    -51.3998     139.3265 
    -56.3837     160.9378 
    -50.5607     175.5673 
    -53.2530    -160.1174 
    -48.9852    -146.4534 
    -49.9689    -136.3252 
    -47.7982    -133.9398 
    -53.5227    -143.0295 
    -50.5553    -131.1191 
    -53.3649     144.4041 
    -70.0420    -175.7710 
    -54.7023     131.5680 
    -56.0580      37.3744 
    -66.1018     113.7411 
    -52.3600      26.5302 
    -52.9703     -40.0780 
    -58.8890     -76.3692 
    -53.6362    -115.7371 
    -54.6526     154.1159 
    -55.9022      56.1883 
    -56.6258      -9.4215 
    -55.3658     -75.3207 
    -61.3352     166.4735 
    -56.4935     -93.8013 
    -55.1819      39.5887 
    -70.1844      73.4253 
    -60.3568     167.5496 
    -54.4828     -47.2717 
    -60.0064       8.3320 
    -55.3611      53.3431 
    -55.7157     124.8537 
    -57.5671     125.2456 
    -56.1895    -171.2432 
    -54.4469    -178.6124 
    -57.3286    -105.1407 
    -51.2512    -102.1673 
    -51.8338     -50.4996 
    -51.2386     -57.5249 
    -51.0589     -27.9250 
    -48.4809     -24.1421 
    -47.1327     -15.2385 
    -48.7962     -22.4914 
    -48.0757     -10.0436 
    -48.7993     -41.0160 
    -56.5404     -56.2480 
    -51.8028     -68.1836 
    -52.8020    -149.0733 
    -79.7295    -107.5776 
    -53.6637    -150.8779 
    -54.5258     121.4339 
    -58.2446     104.1302 
    -51.7467      63.0451 
    -52.9436     -12.7439 
    -54.9624     -95.4942 
    -55.0316    -171.7384 
    -51.6495     105.3218 
    -54.0618       3.5246 
    -62.2426     -93.7443 
    -64.2778      30.9167 
    -58.8917     119.0297 
    -57.3258     -97.3840 
    -60.2871      33.4309 
    -53.2887      45.1258 
    -52.0163     149.1625 
    -53.6198    -174.1014 
    -52.2359    -110.1963 
    -56.2223     -79.3807 
    -53.8896     -37.3759 
    -58.2467     -12.9558 
    -52.4393      25.2999 
    -52.1799      40.7364 
    -51.0256      65.3141 
    -51.1663     103.5615 
    -50.1529     107.7222 
    -49.0192     124.1695 
    -47.1978     110.8772 
    -48.0869     112.1881 
    -45.9889      96.6297 
    -48.6395      82.0015 
    -47.2770      83.7701 
    -49.4386      26.4353 
    -58.4599      -7.6479 
    -53.8696       4.2486 
    -53.2429     -63.3776 
    -61.3504     -61.1089 
    -53.7698    -115.1053 
    -52.2602     155.4861 
    -55.7314      86.3451 
    -52.5596      38.7659 
    -51.6503     -46.4009 
    -53.8106    -147.6616 
    -56.7590     115.3261 
    -58.0634      69.7272 
    -58.7442     166.0455 
    -61.1039    -153.4986 
    -58.1742     -18.9363 
    -52.6691     137.3586 
    -59.5442     166.9088 
    -49.1765     -99.1924 
    -53.7807     -22.2546 
    -49.5515       7.7778 
    -53.1874      52.0425 
    -51.6062      89.4770 
    -52.2339     121.5661 
    -50.9953     152.5444 
    -51.3512     169.7896 
    -51.4127    -166.8617 
    -50.4879    -141.3342 
    -54.1137    -122.6933 
    -51.8879    -107.9223 
    -59.9529    -123.5543 
    -52.7955    -117.9004 
    -53.6703    -164.8954 
    -51.5844    -134.2940 
    -48.6127    -174.1323 
    -59.8489     144.2099 
    -52.6575     163.9812 
    -50.5569      88.7211 
    -58.3703      56.5222 
    -51.2130      47.9128 
    -50.6184     -36.1183 
    -55.7996     -99.3821 
    -52.4976    -153.2470 
    -50.1315     142.2762 
    -52.2574      41.4509 
    -57.0882     -59.8388 
    -55.9197    -105.5714 
    -52.6678     174.5491 
    -57.1264     -81.4196 
    -64.2540      49.0142 
    -58.2924      91.1664 
    -52.2180    -155.1637 
    -55.2536     -31.0080 
    -53.5928      -3.1747 
    -52.1306      97.8243 
    -50.2151     125.3379 
    -53.7188    -175.7689 
    -51.1450    -157.4976 
    -51.7583    -135.5382 
    -51.0666     -97.7399 
    -51.8504     -81.6061 
    -53.5683     -25.4789 
    -56.3547     -15.3921 
    -51.2265      52.6186 
    -52.4000      40.4754 
    -51.0527      80.2488 
    -53.4467      73.0195 
    -53.4645      90.4052 
    -54.1064       2.0914 
    -57.5236    -133.8352 
    -60.4060      29.2069 
    -56.6005    -137.6900 
    -54.8682     112.1844 
    -62.3881    -134.8362 
    -52.1571     141.2973 
    -56.3327      87.2051 
    -54.3422      98.4457 
    -50.0196      -6.7439 
    -52.7961    -117.0824 
    -55.8887     165.9983 
    -55.7985     103.8056 
    -55.0431       0.2036 
    -53.7632    -117.0060 
    -56.1796      -0.1115 
    -61.2907     122.4828 
    -58.3497    -101.6370 
    -54.0959     -68.2683 
    -51.0587      57.1629 
    -55.2363     121.8368 
    -51.7523    -166.9092 
    -52.6575    -132.1933 
    -55.7509     -86.7836 
    -52.0315     -71.8222 
    -55.4118     -42.7850 
    -52.4614      -4.1017 
    -59.4328      38.4512 
    -63.1009     104.4020 
    -57.7580    -135.5782 
    -50.7009    -156.9447 
    -52.0776    -132.5213 
    -48.2969    -139.6941 
    -47.3909    -126.0383 
    -48.0017    -151.5005 
    -55.3669    -120.2105 
    -50.9318    -147.2610 
    -58.2401     151.6579 
    -55.0366    -124.9106 
    -52.7079     155.8306 
    -59.4853     -75.0557 
    -53.6854    -174.4785 
    -63.7055    -133.9509 
    -51.0861     179.2090 
    -52.1613      85.3432 
    -53.8400     -23.5058 
    -53.2921     -46.5056 
    -52.4515    -123.8810 
    -54.0876      94.3638 
    -53.6132     -25.7090 
    -56.8828     102.0342 
    -55.9921    -150.9537 
    -56.3931     -34.5796 
    -61.9799      85.5229 
    -55.5556     152.6956 
    -52.2374    -101.6531 
    -52.7059     -50.8667 
    -57.4373      -6.5617 
    -59.4631      15.7431 
    -55.4752     -20.6647 
    -58.4658     -10.2473 
    -54.8060      28.4985 
    -55.0894       6.5297 
    -55.0499      -4.6649 
    -49.1389     -14.2990 
    -48.4967      -7.1666 
    -46.3739      -0.8743 
    -45.8014      -9.6828 
    -43.1381     -17.8715 
    -46.2862     -33.1191 
    -45.6068     -27.5209 
    -45.4324     -61.3825 
    -54.0105     -53.9368 
    -45.8775     -77.8920 
    -48.7906    -133.2960 
    -52.6246    -107.1791 
    -50.2067    -159.4228 
    -65.3642      64.5362 
    -50.6117    -108.8794 
    -55.7789     165.7839 
    -54.3219     133.9039 
    -49.5504      60.5631 
    -51.2591     -45.5576 
    -60.2523    -145.3617 
    -59.4114      95.8122 
    -57.7514    -133.9956 
    -58.3626     -55.0129 
    -60.2966      64.6805 
    -56.2148    -163.0762 
    -56.1257     -64.7464 
    -51.7233       7.1140 
    -52.5257      92.0824 
    -64.9602     117.0238 
    -60.8677     -50.8830 
    -50.2685      28.4774 
    -51.3961      62.1603 
    -48.5799      92.0502 
    -48.0693      96.5205 
    -45.5368     108.9050 
    -44.9131     109.2651 
    -44.5166     124.6388 
    -44.6142     128.1215 
    -45.2426     128.5927 
    -46.0090     111.6607 
    -50.1761     109.0342 
    -44.6574      83.0051 
    -47.9865      50.2371 
    -46.6881      66.3924 
    -44.8528       8.8820 
    -51.0857     -18.3939 
    -46.1242     -20.9020 
    -47.3943     -91.6838 
    -62.8443    -139.9430 
    -57.6222     -47.8053 
    -57.5671     -36.0572 
    -51.2515    -111.3621 
    -48.1254     142.2030 
    -50.8551      51.6089 
    -60.2536       8.2978 
    -75.6180     -46.3957 
    -52.7918     -56.8726 
    -60.5280      13.2074 
    -75.3178      89.4307 
    -55.2472     -64.5666 
    -51.2935      48.8330 
    -52.3997     107.8428 
    -51.5371    -165.1293 
    -60.8256     -38.6084 
    -53.0767      57.3410 
    -48.4923     111.7755 
    -49.0997     162.6911 
    -45.8597    -176.6959 
    -46.0879    -160.0170 
    -43.1976    -141.7700 
    -42.9060    -128.6415 
    -41.2722    -116.7931 
    -41.0515    -108.3605 
    -40.4819    -103.1721 
    -43.8873    -103.5491 
    -45.0619    -114.3241 
    -49.4858    -151.3572 
    -52.0036    -171.8234 
    -47.3555     161.4467 
    -51.1206      95.5876 
    -52.0808     112.8486 
    -45.4209      52.1538 
    -45.7262       0.6326 
    -47.3736     -28.0133 
    -49.5894     -56.0314 
    -69.5014      51.6916 
    -49.7278     -41.2493 
    -47.2383    -130.8738 
    -48.7854     153.7855 
    -50.3934      90.9498 
    -58.4424     -22.6231 
    -53.2414      14.2732 
    -59.1793     134.2111 
    -59.9106     -22.8602 
    -58.1405      38.4510 
    -50.0596     136.3359 
    -52.2041    -142.5008 
    -51.8330     -56.7869 
    -52.3831      80.3809 
    -49.9264     147.8476 
    -46.8869    -168.1185 
    -47.0915    -115.3376 
    -45.7437     -94.4071 
    -45.1629     -67.6299 
    -43.9244     -39.2284 
    -43.3994      -8.7076 
    -42.1700       6.8835 
    -41.8785      22.5658 
    -41.9759      22.8252 
    -42.5876      38.4237 
    -43.2115      23.1728 
    -46.8029      31.1544 
    -48.1163      -4.8279 
    -52.7068     -73.8929 
    -59.3885     -77.7242 
    -50.2578    -131.9366 
    -45.8103     144.0940 
    -45.0519      99.9594 
    -43.4108      58.0253 
    -46.7686      -1.0062 
    -59.3935     -14.3302 
    -50.6506      33.7974 
    -49.2823     -50.9663 
    -47.6589    -115.1764 
    -49.6822     160.7617 
    -53.4978      80.4263 
    -58.6248      73.2783 
    -61.4217    -139.9163 
    -55.6678      62.3058 
    -54.3458     132.8462 
    -51.3169    -143.7245 
    -52.4807     -39.1385 
    -50.9244      56.1214 
    -47.4657     162.4982 
    -46.3465    -118.2781 
    -45.1955     -67.7090 
    -45.4841     -12.4436 
    -46.8792      17.4379 
    -46.7848      49.1248 
    -45.9874      73.0258 
    -43.2459     115.2005 
    -41.6414     135.1090 
    -39.4215     145.3356 
    -39.9735     147.1383 
    -38.4853     146.1770 
    -39.2277     134.0923 
    -40.2620     128.7957 
    -42.8465     110.7854 
    -47.3742      89.8756 
    -45.9194      77.5296 
    -49.5395      17.3845 
    -53.8485     -49.1716 
    -48.7878    -167.1564 
    -43.1004     129.8519 
    -42.6366      72.0381 
    -49.4644      28.4211 
    -57.2457      85.2611 
    -49.1023      40.7687 
    -48.9230     -20.2095 
    -47.4519    -117.9544 
    -51.5367     178.9359 
    -57.5933      18.1444 
    -59.4600    -149.7327 
    -54.0405     115.5523 
    -51.5675    -131.9040 
    -54.9408     -33.7817 
    -55.7762      77.2774 
    -49.2593    -175.1902 
    -44.6904     -95.2093 
    -43.5108     -19.9446 
    -44.1923      41.5099 
    -44.6501     106.2843 
    -44.4792     148.1911 
    -43.0698    -173.2065 
    -40.5603    -136.7626 
    -37.3980    -109.4628 
    -36.2649     -89.8165 
    -34.9116     -82.0640 
    -35.1569     -76.4764 
    -34.8902     -89.5686 
    -36.0046    -103.8819 
    -36.2614    -117.9534 
    -38.5609    -146.7016 
    -40.6911    -167.7186 
    -41.5176     168.5788 
    -43.1365     114.3621 
    -46.6585      61.5982 
    -49.4652     -47.0829 
    -42.8538    -148.8036 
    -41.7059     153.0440 
    -45.1536     103.7513 
    -51.7520      87.3794 
    -51.9753      96.6489 
    -54.3344      37.4262 
    -48.7539     -19.8037 
    -51.3271    -103.0531 
    -53.8785      59.5335 
    -58.4269    -175.8053 
    -58.2760    -172.0276 
    -54.5255     -41.6182 
    -51.6476      84.8376 
    -50.5763     171.6215 
    -46.8247     -95.2903 
    -43.7233     -11.7395 
    -42.4263      70.6960 
    -42.4169     151.6803 
    -40.6770    -142.5438 
    -39.1907     -83.0096 
    -38.0062     -48.9563 
    -36.4232     -18.7448 
    -35.4815      -7.6872 
    -34.0115       7.3136 
    -32.7782      12.9309 
    -32.5316      19.1208 
    -32.9979       5.7710 
    -34.7506      -7.7356 
    -35.8192     -22.4569 
    -37.5473     -52.1304 
    -37.7643     -63.3311 
    -37.4946     -99.7866 
    -38.4425    -153.7692 
    -39.7744     164.1429 
    -44.2702      96.8805 
    -46.7314     -43.9317 
    -41.9680    -144.4365 
    -42.4577     165.7568 
    -45.8830     143.6821 
    -49.2060     112.9802 
    -54.9449      96.4232 
    -55.5424      75.4669 
    -53.5125     -11.8996 
    -50.5262     115.0999 
    -48.2196     -98.6876 
    -55.2317      54.9675 
    -61.1910      67.6111 
    -46.2860    -176.0127 
    -44.3853     -84.4711 
    -41.9846     -13.3032 
    -41.5773      72.1917 
    -41.9668     161.9713 
    -40.1437    -102.3944 
    -38.1626     -33.6051 
    -36.2316      18.6879 
    -35.8995      41.0953 
    -33.2391      59.7719 
    -31.5839      70.6777 
    -29.1227      89.1514 
    -28.6353      99.0673 
    -28.4168     106.2962 
    -29.4470      98.2434 
    -30.7948      88.9418 
    -32.9717      62.0778 
    -35.6979      32.1484 
    -36.5493      17.5073 
    -36.4364     -16.8882 
    -35.2980     -66.2351 
    -36.4558    -112.4987 
    -38.9626     177.9053 
    -47.3867      69.1513 
    -41.3935     -60.1799 
    -40.1977    -119.2693 
    -42.1615    -163.6392 
    -48.2964     158.8987 
    -59.5439      99.1107 
    -57.8922    -136.9345 
    -54.0038     103.3091 
    -48.2348    -179.7064 
    -48.4706     -29.5548 
    -47.4256     109.4812 
    -50.8344    -162.4173 
    -44.1909     -98.9929 
    -42.3636     -16.7991 
    -39.9360      62.6841 
    -39.4122     157.4600 
    -40.3184    -111.5012 
    -37.3227     -26.3533 
    -36.3443      38.6810 
    -33.9375      81.3875 
    -32.3096     111.2846 
    -29.8628     135.8961 
    -28.7593     155.1999 
    -27.1148     173.2577 
    -26.8411    -175.6056 
    -26.7746    -171.3391 
    -27.5160    -177.0055 
    -29.0429     175.1450 
    -31.6530     152.8287 
    -33.7543     130.3835 
    -33.8389      98.4973 
    -35.2668      53.6334 
    -33.6526      16.2711 
    -33.8337     -37.6252 
    -34.6195    -108.5525 
    -40.7269    -177.7371 
    -47.0428      48.7810 
    -41.6399     -49.6052 
    -40.1539    -108.3771 
    -44.3744    -149.6423 
    -52.7244     168.1679 
    -51.2678     -44.0357 
    -48.0010    -165.3151 
    -45.4230    -101.8131 
    -47.3734      32.5801 
    -43.3660     157.0359 
    -43.4862     -94.1047 
    -41.3736     -25.2355 
    -39.2195      54.5869 
    -38.6073     143.9738 
    -39.0662    -112.8806 
    -36.4994     -24.4747 
    -32.8474      49.3451 
    -31.3801     108.6228 
    -29.6935     154.0418 
    -29.8597    -166.4358 
    -28.7342    -145.7183 
    -28.0929    -121.8692 
    -26.4588    -106.0497 
    -25.9608     -92.9835 
    -25.6035     -90.9863 
    -26.3029     -92.5784 
    -27.4842    -103.1064 
    -30.8307    -123.5288 
    -32.9392    -137.1214 
    -33.6036    -172.1311 
    -33.8358     136.4888 
    -32.0303      90.0814 
    -31.2754      26.0852 
    -32.2095     -36.2309 
    -37.2010     -96.9352 
    -46.1907     165.8327 
    -42.2524       7.1730 
    -39.9056     -45.1017 
    -42.2361     -94.3962 
    -49.2069     179.0293 
    -45.3920      17.3311 
    -42.9115    -104.8789 
    -43.1931     -39.3240 
    -44.9515      83.9660 
    -39.9557    -145.4799 
    -39.6451     -33.9800 
    -40.5777      43.2696 
    -38.2843     128.5121 
    -39.1397    -138.6929 
    -37.2822     -41.6214 
    -33.1702      47.3111 
    -29.7398     118.0066 
    -28.3592    -178.1562 
    -28.1781    -130.0866 
    -29.4762     -92.6805 
    -29.0656     -75.0950 
    -27.7476     -46.5354 
    -25.8266     -28.4136 
    -24.3531     -11.1458 
    -24.2083      -7.2906 
    -24.7575      -8.5696 
    -26.0737     -23.7990 
    -28.8669     -41.1250 
    -32.0668     -57.9917 
    -34.3050     -87.2040 
    -33.2163    -136.7642 
    -31.0346     159.2328 
    -29.4325      92.2427 
    -30.8184      25.9868 
    -33.7902     -40.7887 
    -40.2047    -114.9182 
    -46.9555      71.3329 
    -41.0850       4.2435 
    -39.6178     -41.5316 
    -42.2111    -131.0226 
    -43.1861      61.6375 
    -39.7881     -52.2221 
    -40.2113      10.4482 
    -41.0567     135.2624 
    -38.6452     -87.3047 
    -38.8318      26.5782 
    -39.3212     106.6103 
    -38.3233    -162.1940 
    -38.4693     -73.1767 
    -34.3073      23.9307 
    -30.3988     109.0227 
    -27.7632    -179.4910 
    -26.9616    -111.5675 
    -28.0306     -60.6146 
    -29.0391     -23.1849 
    -28.7755       2.1337 
    -26.6798      34.9375 
    -24.5103      58.4247 
    -22.8418      73.7305 
    -22.4599      77.9667 
    -22.8080      72.0149 
    -24.4673      56.0912 
    -26.1862      41.8292 
    -29.0238      18.4969 
    -31.2209      -6.1046 
    -30.9879     -60.8032 
    -29.6511    -138.7684 
    -27.7247     152.5246 
    -28.4206      82.7497 
    -30.4958      15.1129 
    -37.3552     -48.8913 
    -56.0953     163.7858 
    -41.2013      63.8353 
    -37.2227      16.1238 
    -38.8837     -86.4571 
    -39.6572     106.8234 
    -37.2714     -10.9591 
    -37.5723      50.4178 
    -38.5420    -172.6153 
    -37.9773     -47.2138 
    -38.3840      67.5440 
    -36.9166     158.9044 
    -38.2966    -102.1682 
    -35.5177     -22.0788 
    -31.8227      77.3460 
    -28.2265     159.1489 
    -26.5193    -127.5307 
    -26.3096     -58.0824 
    -27.3912      -2.2174 
    -27.9091      46.1341 
    -27.4469      83.8192 
    -24.7570     112.3131 
    -22.3337     134.2002 
    -20.2101     144.9016 
    -19.8557     148.1239 
    -20.1042     139.0889 
    -21.8611     124.7076 
    -23.5577     111.5419 
    -25.3899      91.1812 
    -26.6988      63.7246 
    -27.5254       6.7661 
    -28.1328     -74.4178 
    -26.6380    -148.9321 
    -26.5012     139.1370 
    -28.6743      64.8156 
    -34.3457      -6.8444 
    -44.2210     -62.7133 
    -40.6947     131.9254 
    -36.0335      56.4465 
    -35.3935     -44.3978 
    -38.2309     151.7699 
    -35.5629      21.9608 
    -35.2953      84.4046 
    -37.2474    -131.7977 
    -37.2385      -8.8954 
    -35.7423     102.5510 
    -34.7879    -147.5686 
    -36.5359     -60.7829 
    -32.1454      25.2297 
    -29.3104     120.9349 
    -26.4222    -157.4281 
    -25.4617     -84.0501 
    -25.0774     -13.1690 
    -25.3648      52.2302 
    -25.3553     108.9008 
    -24.2324     149.5346 
    -22.0422     172.0566 
    -19.4786    -171.8575 
    -17.5922    -163.2158 
    -17.0725    -160.7968 
    -17.4514    -168.0081 
    -19.2628    -179.5337 
    -21.0057     167.2855 
    -22.3010     152.1654 
    -22.9568     121.4709 
    -24.8927      65.2050 
    -27.4699     -15.4304 
    -26.3528    -102.2832 
    -25.5999     179.7495 
    -26.9480     106.7394 
    -30.9598      39.8291 
    -38.3459     -18.7752 
    -36.8853    -169.3778 
    -33.7463      86.6228 
    -33.8903       0.8576 
    -37.3459    -164.8921 
    -33.5295      58.1942 
    -33.2344     115.9710 
    -36.0685    -103.6808 
    -35.9243      17.3535 
    -33.6855     136.6415 
    -33.5877    -108.3582 
    -33.0678     -25.2945 
    -30.2985      67.0512 
    -27.8058     154.3275 
    -25.2351    -123.9037 
    -24.0234     -50.7721 
    -23.1248      22.7128 
    -22.9033      95.6328 
    -22.6732     155.4323 
    -21.5564    -166.0940 
    -19.5779    -148.5262 
    -16.3447    -135.3158 
    -14.5571    -125.1232 
    -13.9555    -121.4210 
    -14.6755    -127.4657 
    -16.6959    -139.6508 
    -19.2112    -153.5174 
    -20.8538    -165.6283 
    -20.8870     162.3548 
    -22.8228     104.7082 
    -25.9906      25.1365 
    -24.8322     -66.1675 
    -24.4405    -147.8051 
    -26.4242     141.0914 
    -29.6588      78.6933 
    -34.3175       8.6477 
    -35.3855    -110.4325 
    -31.5258     117.2736 
    -33.2497      29.9629 
    -36.9994    -117.4198 
    -32.3541      91.6214 
    -32.6463     143.1420 
    -35.0401     -81.3825 
    -34.1048      40.9831 
    -31.8958     161.2960 
    -32.1699     -81.9797 
    -30.9332       7.9261 
    -29.4922      97.0359 
    -26.3669     177.4702 
    -24.1025     -98.7503 
    -22.1951     -23.9635 
    -20.8705      52.7608 
    -20.2396     128.5742 
    -20.3172    -172.4289 
    -19.5125    -137.6386 
    -16.7044    -121.4220 
    -13.4470    -105.2533 
    -11.7611     -93.9717 
    -11.2247     -90.9350 
    -12.2073     -96.8695 
    -13.8573    -110.0621 
    -16.8596    -129.9817 
    -19.2783    -143.3568 
    -19.2529    -173.0024 
    -20.5464     131.0281 
    -23.0567      50.8154 
    -23.1374     -39.6640 
    -22.8183    -123.3818 
    -24.9013     159.9818 
    -28.6901     101.6561 
    -32.2618      31.6613 
    -35.4379     -83.1325 
    -29.1905     147.7530 
    -32.0062      49.1581 
    -37.6250     -87.9689 
    -31.8878     118.2652 
    -31.9016     158.1912 
    -33.6073     -68.5466 
    -33.1370      53.8832 
    -30.5250     179.8086 
    -31.0989     -66.2640 
    -29.6396      30.0852 
    -28.6849     111.0181 
    -24.8946    -166.7808 
    -22.6369     -81.7048 
    -20.3887      -4.6943 
    -19.1711      74.7606 
    -18.4915     149.7457 
    -18.6710    -153.8564 
    -17.3132    -121.3897 
    -13.9489    -100.4110 
    -11.0690     -82.3268 
     -9.8243     -72.6217 
     -9.4945     -70.6854 
    -10.3052     -76.3146 
    -11.8141     -87.5748 
    -13.8418    -108.9466 
    -16.8059    -127.5066 
    -17.3436    -153.9151 
    -18.4240     152.1125 
    -20.5412      75.1733 
    -21.2959     -19.4193 
    -21.6455    -102.2242 
    -23.1935    -179.0234 
    -27.9658     117.4948 
    -31.1667      49.2817 
    -34.9486     -61.9985 
    -28.9081     172.8912 
    -30.8013      64.1814 
    -37.2408     -66.4025 
    -31.7700     136.4801 
    -31.4201     167.1246 
    -33.0015     -57.6034 
    -32.0995      66.3124 
    -29.6712    -167.7334 
    -30.0191     -55.8799 
    -28.7845      44.0245 
    -27.3567     119.7622 
    -24.1386    -154.6614 
    -21.9056     -71.5707 
    -19.3989       9.5484 
    -18.1588      89.9355 
    -17.2104     161.7534 
    -17.1769    -143.6821 
    -15.5317    -110.2192 
    -12.5462     -85.5665 
    -10.0278     -68.9241 
     -8.7094     -60.3552 
     -8.0322     -58.8070 
     -8.8784     -64.3358 
    -10.3944     -74.1639 
    -12.3746     -94.1246 
    -15.2173    -117.1447 
    -16.2808    -143.6175 
    -17.2409     163.9233 
    -19.2083      89.4409 
    -19.8657      -5.1686 
    -20.7503     -90.6898 
    -22.5851    -167.5775 
    -27.2086     122.8015 
    -31.3222      56.4631 
    -35.3282     -60.2212 
    -28.3900    -174.8712 
    -29.7461      74.8937 
    -36.6796     -58.9147 
    -31.7811     144.7918 
    -31.0031     170.1746 
    -32.2908     -56.6819 
    -31.4376      64.8958 
    -29.3659    -163.8488 
    -29.9871     -52.6706 
    -28.6642      46.2033 
    -26.9874     123.5993 
    -23.7155    -151.1887 
    -21.2828     -69.5401 
    -18.7240      14.4597 
    -17.8783      94.5441 
    -17.0250     164.8297 
    -16.6723    -140.2336 
    -15.1915    -105.3811 
    -12.0442     -79.6646 
     -9.6529     -63.9234 
     -8.0142     -55.2732 
     -7.5366     -53.4735 
     -8.4318     -58.9492 
     -9.9911     -68.3107 
    -11.8425     -87.4616 
    -14.3691    -112.2601 
    -16.0630    -139.6234 
    -16.7364     169.0398 
    -18.8039      95.4048 
    -19.3105       1.0174 
    -20.3175     -84.1053 
    -22.2696    -160.1005 
    -27.1161     126.5617 
    -31.5645      57.6784 
    -34.8260     -56.8478 
    -28.6877    -168.5994 
    -29.7531      83.5914 
    -36.1893     -50.0142 
    -31.4440     148.1108 
    -31.0729     168.6178 
    -32.5683     -59.9930 
    -31.3798      65.5101 
    -29.6550    -166.1460 
    -30.3795     -54.7260 
    -28.5697      43.7767 
    -27.1454     121.5946 
    -23.9118    -155.1851 
    -21.5767     -73.0704 
    -19.0840      11.0247 
    -18.0728      91.5465 
    -17.3795     163.4305 
    -17.1533    -141.3070 
    -15.8300    -107.7063 
    -12.6960     -82.5482 
    -10.0866     -66.2365 
     -8.6971     -57.1399 
     -7.9606     -55.4629 
     -8.8785     -60.3928 
    -10.3067     -70.0129 
    -12.0801     -90.0516 
    -14.9541    -116.2703 
    -16.4307    -141.9729 
    -17.1991     167.6691 
    -19.1028      90.8829 
    -19.6689      -2.1745 
    -20.6975     -85.8763 
    -22.5945    -164.0745 
    -27.6446     122.8654 
    -31.9158      49.4332 
    -34.6033     -65.9662 
    -28.6249    -173.1357 
    -30.3746      84.6085 
    -36.8635     -53.2477 
    -31.3908     145.2633 
    -32.0316     157.9435 
    -32.6301     -70.6426 
    -31.6729      54.8762 
    -30.2415    -177.1300 
    -31.6339     -61.3939 
    -29.1192      31.5495 
    -27.6344     112.2166 
    -24.7310    -166.2934 
    -22.4787     -83.9948 
    -20.0793      -1.9400 
    -18.9785      78.9759 
    -18.4298     153.9470 
    -18.3642    -148.8904 
    -17.3447    -115.9102 
    -14.2615     -94.9170 
    -11.4030     -76.7790 
     -9.9927     -66.7933 
     -9.3762     -64.4627 
    -10.0117     -68.8313 
    -11.3066     -79.0771 
    -13.1769    -100.7423 
    -16.6108    -124.8637 
    -17.8568    -148.9250 
    -18.4200     159.7217 
    -20.1955      79.0601 
    -20.5167     -12.3879 
    -21.4341     -92.6179 
    -23.4554    -170.8309 
    -28.9877     120.1789 
    -32.8371      39.3679 
    -34.2472     -72.6250 
    -29.1434    -179.9283 
    -31.4633      81.1217 
    -37.9723     -59.9312 
    -31.6112     137.5663 
    -32.5885     140.2561 
    -34.1054     -86.5690 
    -32.7615      43.7532 
    -31.2449     168.5487 
    -33.3152     -72.2111 
    -30.0636      13.6183 
    -28.9603     101.1477 
    -25.9994     177.9202 
    -23.6972    -100.7680 
    -21.7404     -19.2593 
    -20.6174      59.3960 
    -19.8463     135.2448 
    -19.7603    -165.1022 
    -19.5283    -129.4660 
    -16.8630    -113.3431 
    -13.9028     -96.8607 
    -12.0342     -86.0574 
    -11.3978     -82.5488 
    -11.7558     -87.0173 
    -13.1913     -98.4927 
    -15.8002    -119.1876 
    -18.9046    -138.4640 
    -19.7974    -165.3206 
    -20.5873     140.7993 
    -21.7520      56.9855 
    -21.9161     -28.8239 
    -22.6835    -107.8688 
    -25.3428     173.0990 
    -30.0964     107.8342 
    -33.8317      18.7763 
    -34.3410     -89.2582 
    -30.0455     164.1284 
    -32.8949      73.3981 
    -39.0336     -86.6267 
    -32.0868     122.7757 
    -33.6798     114.3488 
    -34.5991    -111.4321 
    -33.2992      24.0129 
    -33.3349     144.9340 
    -34.1618     -96.8861 
    -32.4617     -13.2320 
    -30.4762      79.6362 
    -27.9763     154.9303 
    -25.1318    -125.2787 
    -23.1052     -44.5175 
    -22.3781      31.7579 
    -21.8714     105.6094 
    -22.1707     167.9374 
    -22.0240    -152.2818 
    -20.2039    -134.9156 
    -17.0201    -123.3320 
    -14.7610    -112.9935 
    -13.8990    -109.3493 
    -14.3671    -113.9948 
    -16.3135    -125.0393 
    -18.8492    -141.3030 
    -21.2775    -159.9907 
    -21.9431     169.2004 
    -23.0860     111.6487 
    -23.6078      29.8011 
    -23.4862     -51.4032 
    -24.4333    -128.1835 
    -27.5788     157.4543 
    -31.5380      91.2997 
    -35.9633      -5.7199 
    -33.9317    -111.0076 
    -31.5406     145.3045 
    -34.7541      59.8065 
    -40.2206    -118.9222 
    -32.8581     104.2843 
    -34.3886      87.3216 
    -35.3048    -136.5173 
    -34.5562      -1.9015 
    -35.9592     113.2349 
    -35.6517    -132.7395 
    -36.1730     -40.9199 
    -32.7296      45.5376 
    -29.6982     128.2579 
    -26.7397    -155.7664 
    -24.8439     -76.2065 
    -24.2286      -3.7981 
    -24.2044      65.7807 
    -24.7742     126.2648 
    -24.4750     168.6364 
    -22.5574    -168.3742 
    -20.1920    -156.3125 
    -17.6413    -148.9801 
    -16.8203    -146.0603 
    -17.1403    -151.2985 
    -19.0328    -161.5682 
    -21.1455    -175.8920 
    -23.2499     162.0331 
    -24.5522     128.0623 
    -25.6916      69.1973 
    -25.4525      -5.9433 
    -24.9793     -82.3146 
    -26.5473    -155.8192 
    -29.1549     129.7133 
    -33.2686      53.8675 
    -37.7952     -42.5476 
    -34.8948    -145.5849 
    -34.1222     123.8054 
    -36.6776      34.5205 
    -40.0262    -155.7552 
    -33.6278      80.4284 
    -35.8904      58.0124 
    -36.3264    -166.9503 
    -35.9873     -42.7080 
    -38.6522      73.0803 
    -38.6975     176.2401 
    -38.9094     -74.5195 
    -35.5132       1.7931 
    -31.7940      87.4313 
    -28.1858     166.2000 
    -26.4214    -117.7242 
    -25.7288     -46.6898 
    -26.4458      14.4382 
    -27.4524      66.3494 
    -27.2356     108.4973 
    -25.1595     134.8021 
    -22.5151     151.5989 
    -20.3591     161.3848 
    -19.5111     163.1099 
    -19.9661     158.1718 
    -21.3514     146.7609 
    -23.2179     130.5496 
    -25.3734     103.7970 
    -27.3466      69.3012 
    -27.9341      16.8348 
    -26.9632     -46.9631 
    -26.4983    -118.7907 
    -28.1828     169.5831 
    -31.3639      92.9017 
    -35.5623       2.6449 
    -38.9961     -84.0919 
    -36.0895     174.5964 
    -36.1306      96.7457 
    -40.7905       0.0427 
    -39.9151     162.8239 
    -34.9368      53.5883 
    -37.5580      24.3807 
    -37.9018     150.2941 
    -38.1839     -86.9918 
    -40.9100      26.6800 
    -41.9856     116.2579 
    -40.0647    -132.0573 
    -38.7884     -48.5613 
    -34.0698      34.3388 
    -30.1515     116.8391 
    -28.0734    -168.4122 
    -27.4524    -101.7395 
    -27.9522     -41.6799 
    -29.4637      -1.2799 
    -29.4261      29.8870 
    -27.4887      56.8310 
    -25.1839      78.5380 
    -23.3428      91.5771 
    -22.5553      95.5748 
    -22.6028      90.7816 
    -23.5828      77.7360 
    -25.6673      56.7616 
    -27.9442      31.7973 
    -30.4294       1.5760 
    -29.6904     -40.6638 
    -27.9776    -100.5515 
    -28.1399    -168.1777 
    -30.1462     119.5648 
    -33.1213      38.8645 
    -37.4088     -50.2002 
    -39.6924    -144.2639 
    -38.6074     125.3238 
    -39.0879      62.9344 
    -47.3469     -48.4715 
    -39.4569     119.4345 
    -36.4200      22.9489 
    -39.7611     -23.1271 
    -40.0251      96.8957 
    -39.4373    -137.9746 
    -42.7761     -35.4483 
    -43.5849      45.7078 
    -41.5324     154.1316 
    -41.9009    -110.6143 
    -36.6729     -36.6707 
    -32.1483      55.9239 
    -30.4525     129.2574 
    -29.1711    -168.9189 
    -29.0180    -109.1607 
    -30.7805     -68.7639 
    -31.2289     -45.5438 
    -29.3641     -25.9564 
    -27.0943      -1.1993 
    -25.4810      13.8806 
    -24.8122      19.5164 
    -24.8232      16.5609 
    -25.8344       1.0031 
    -28.2479     -21.2888 
    -30.9332     -40.3986 
    -32.2732     -65.7973 
    -31.0787    -108.2797 
    -30.0068    -163.4389 
    -30.6949     131.3724 
    -33.1288      56.9295 
    -35.8215     -25.1686 
    -38.2070    -110.8264 
    -39.8078     154.5647 
    -42.4555      77.3380 
    -44.7454      19.9242 
    -53.4524    -165.2547 
    -40.8081      75.3185 
    -38.3522     -15.2685 
    -42.4873     -78.2243 
    -42.2385      42.3107 
    -41.5462     162.7066 
    -44.2117    -104.6350 
    -44.8523     -26.2299 
    -44.5496      74.6585 
    -42.3212     164.6874 
    -39.0579    -101.5515 
    -35.3524      -9.6246 
    -32.8133      59.5520 
    -31.5197     120.7459 
    -31.0359     177.3445 
    -31.6951    -142.3130 
    -32.6771    -115.8503 
    -31.0653    -101.0189 
    -28.8654     -80.5046 
    -27.1234     -67.3218 
    -26.4772     -61.7234 
    -27.0850     -62.6166 
    -28.2240     -76.2230 
    -30.8397     -96.4551 
    -33.0259    -114.2270 
    -33.4978    -144.2982 
    -33.1391     173.4639 
    -32.9386     125.0722 
    -33.9246      59.3870 
    -35.7468     -18.9111 
    -39.3744     -94.0257 
    -40.4627    -174.1690 
    -42.6876      85.8625 
    -46.9179      14.5897 
    -60.5464      -9.5839 
    -49.4020      91.1836 
    -41.7380      30.2036 
    -41.7882     -60.5785 
    -45.4422    -145.6850 
    -44.7821     -10.0434 
    -46.2482     103.9634 
    -44.6948     177.4575 
    -45.3115     -93.3882 
    -48.1582     -13.8542 
    -42.1225      72.2877 
    -40.0853    -171.1334 
    -39.8430     -75.2194 
    -35.6994     -13.3703 
    -33.8188      53.3985 
    -34.1820     101.6544 
    -32.8404     136.2076 
    -32.4961     163.5874 
    -31.9065    -177.7898 
    -30.4213    -161.7547 
    -29.3371    -151.5092 
    -28.9887    -144.7154 
    -29.2484    -146.0273 
    -30.2031    -156.6105 
    -32.1084    -176.0258 
    -33.9898     164.1180 
    -34.7031     127.2581 
    -36.2348      86.4597 
    -36.2643      49.5448 
    -35.7288     -15.4843 
    -37.3250     -92.7809 
    -40.2049    -170.6434 
    -44.5901     106.9479 
    -47.3613      21.8099 
    -51.7381     -72.7071 
    -54.0818     105.8785 
    -47.8527      31.1616 
    -44.8652     -21.7385 
    -46.8352    -102.8901 
    -49.7856     145.3622 
    -48.3888     -71.7536 
    -50.3089      38.3445 
    -47.1595     105.3970 
    -45.5524    -160.3989 
    -47.1849     -95.5954 
    -42.7511      -7.2874 
    -44.0190     100.0226 
    -43.5354    -162.5023 
    -38.2593     -81.4573 
    -35.6945     -18.9062 
    -35.3654      24.9097 
    -34.9920      56.9310 
    -33.9036      74.8327 
    -32.5321      94.3444 
    -31.7632     112.8403 
    -31.0497     125.4365 
    -30.9079     129.9911 
    -31.0091     127.6145 
    -31.5922     114.3324 
    -32.9335      91.0015 
    -35.4789      65.6323 
    -37.1695      39.6256 
    -37.4056       6.8431 
    -38.4013     -35.3620 
    -37.6234     -90.7896 
    -38.5815    -166.6156 
    -41.6087     102.1967 
    -47.7491      -1.1144 
    -51.9001     -77.8105 
    -54.2325    -179.5561 
    -49.0913      52.7029 
    -48.6181     -26.2249 
    -50.7833     -67.8894 
    -58.3172    -123.6900 
    -53.8864      60.1945 
    -54.1583    -121.1141 
    -63.3808     -32.9389 
    -49.7545      31.4255 
    -47.6398     126.5772 
    -46.3942    -175.5337 
    -43.7293     -85.3238 
    -47.5143      -7.0731 
    -46.0913      84.9701 
    -41.9624    -165.3764 
    -38.8090    -102.3896 
    -37.1277     -61.3733 
    -36.3738     -24.3927 
    -36.1314      -6.5636 
    -34.7550       8.4287 
    -33.5208      18.5480 
    -32.2486      31.3663 
    -31.6181      32.7837 
    -32.3053      27.9791 
    -33.5946      13.3407 
    -35.2697      -3.1555 
    -37.2408     -24.2602 
    -38.2467     -40.9081 
    -38.2292     -75.0791 
    -40.2202    -127.3740 
    -41.7141    -172.7535 
    -42.1237     118.2340 
    -43.5986      21.2462 
    -45.9693     -90.9367 
    -50.0666     167.5968 
    -54.6656      86.7230 
    -52.0347      -4.9608 
    -51.5028     -92.3319 
    -68.9362     -82.6948 
    -54.5965     -79.3996 
    -57.8206     -38.6964 
    -63.8899    -141.6104 
    -63.6618      67.3186 
    -54.3926     -66.2121 
    -53.8340      59.4109 
    -49.9731      97.1907 
    -44.4669    -170.6929 
    -45.6171     -96.8109 
    -46.1085     -16.1666 
    -46.9239      86.0834 
    -43.8173     161.0703 
    -41.3368    -150.2545 
    -40.6012    -114.4425 
    -38.4320     -95.7533 
    -37.6829     -76.0534 
    -35.8991     -70.6455 
    -34.8602     -61.6948 
    -34.2219     -61.8065 
    -34.7153     -68.3362 
    -35.7807     -77.9348 
    -37.0602     -94.0872 
    -38.5333    -117.9483 
    -41.0069    -139.5624 
    -41.9792    -164.1685 
    -42.7370     137.7166 
    -46.4195      80.3605 
    -47.1803      15.0752 
    -45.6042     -72.0680 
    -45.0463    -166.7884 
    -48.1767      90.8630 
    -56.2192      -4.3767 
    -58.6431     -58.3807 
    -58.4093    -156.3356 
    -56.3166     -29.9689 
    -49.4182    -118.9384 
    -63.6397    -144.8081 
    -59.8952    -131.8560 
    -54.8020      11.9330 
    -63.2171     164.4280 
    -63.0548     152.8502 
    -52.2197     -18.3082 
    -46.3490      97.6908 
    -45.2738     172.2780 
    -45.1062    -118.7106 
    -46.3181     -47.1467 
    -47.5433      36.4586 
    -48.8581     101.0009 
    -48.4553     142.3952 
    -45.6912     167.5628 
    -43.9209     168.4488 
    -39.9137    -179.4104 
    -39.1664    -175.3331 
    -38.0281    -169.6058 
    -37.8492    -176.8752 
    -39.1145     170.2663 
    -40.7838     154.2486 
    -42.8795     135.0996 
    -46.2258     111.2894 
    -48.7888      93.3828 
    -45.9909      37.9759 
    -45.8172     -37.1897 
    -47.4978    -109.1591 
    -47.2345    -171.6398 
    -46.8793     114.3453 
    -49.8468      20.1794 
    -58.5416    -113.2098 
    -64.1478      53.9647 
    -64.1282     -89.4546 
    -56.2366     -96.8478 
    -49.0647    -179.1044 
    -63.6136      35.1303 
    -56.0199     152.1418 
    -52.7662     -65.3857 
    -62.5863      33.2138 
    -51.8815      86.1366 
    -51.8228    -138.9929 
    -51.2250      11.8249 
    -49.8568      97.2973 
    -46.2457     146.6714 
    -44.8250    -142.4182 
    -48.6438     -92.4291 
    -46.9986     -61.0590 
    -49.1319     -27.1054 
    -47.6517      -7.8326 
    -44.1831      20.6116 
    -43.4081      40.1543 
    -42.0853      52.8725 
    -42.0311      62.0392 
    -41.8596      59.4146 
    -42.0829      42.8801 
    -43.6065      30.0146 
    -45.9338       5.7224 
    -47.3976     -25.4639 
    -48.7059     -67.2105 
    -49.0426     -92.3728 
    -46.0474    -140.6525 
    -46.1766     152.5465 
    -48.9648      92.6050 
    -50.8538      32.6617 
    -55.4516     -55.0169 
    -59.2761     123.3867 
    -53.8175     -12.0641 
    -53.9319    -129.3596 
    -55.5613     168.4011 
    -51.5134     116.6304 
    -54.6101     -62.3910 
    -53.7632      88.3736 
    -54.9940    -127.7330 
    -58.8095    -100.0030 
    -49.2530       6.0948 
    -51.7361     129.7092 
    -72.3128     -61.6768 
    -60.7816     -25.6510 
    -46.6308      70.0545 
    -46.9100     144.3799 
    -47.4135     161.4528 
    -45.2701    -152.8406 
    -46.3122    -146.8560 
    -43.7864    -121.9396 
    -44.2275    -101.3556 
    -42.4085     -89.0692 
    -42.4121     -79.3472 
    -42.1282     -72.9188 
    -42.3216     -73.8501 
    -42.4701     -82.4918 
    -43.4851     -97.4130 
    -45.0515    -122.6530 
    -46.3558    -153.6840 
    -47.8291    -174.3662 
    -48.0384     155.9142 
    -48.5285     120.1930 
    -48.8995      67.8158 
    -50.4973      -3.6350 
    -59.1809     -69.6366 
    -72.1471     106.1422 
    -57.3676       5.4923 
    -53.1351     -85.1502 
    -51.1938     166.1572 
    -53.6921      72.6494 
    -57.0432      25.0566 
    -54.9135    -125.2266 
    -57.9671      13.2509 
    -61.3891     143.5670 
    -52.6710     165.8369 
    -47.5654     -69.4934 
    -53.6719      20.3630 
    -52.6566      45.4266 
    -54.9190     150.9358 
    -53.6005      -2.2896 
    -55.4377      43.3057 
    -47.3207      66.9498 
    -48.7276     119.3531 
    -45.7560     109.4658 
    -46.5262     146.7959 
    -45.0588     139.0321 
    -43.8859     163.3906 
    -42.8505     159.8101 
    -42.6991     167.1797 
    -43.1943     163.4767 
    -43.4883     162.1559 
    -45.0951     148.0102 
    -47.2423     128.9773 
    -47.3579     107.1081 
    -49.9434      78.5547 
    -51.0854      64.4126 
    -51.5473      19.6976 
    -55.4112     -32.2167 
    -59.2323     -88.4608 
    -67.1824     116.9380 
    -56.1592     -21.0835 
    -54.1479     -94.1218 
    -52.3176     179.4806 
    -51.5104      90.6286 
    -52.1982     -10.3373 
    -59.2496     -97.3542 
    -63.2325     141.8340 
    -63.6699    -177.0910 
    -59.3980     -35.1328 
    -50.6412      85.8574 
    -50.6176    -152.1600 
    -53.8267    -119.2152 
    -48.4056     -41.2749 
    -54.8882      36.0360 
    -53.5499       8.3818 
    -64.8596     142.5113 
    -53.1880       7.3225 
    -58.4706      44.9171 
    -49.0189      36.4684 
    -57.0672      38.7261 
    -47.8080      37.3405 
    -51.0719      33.8977 
    -45.4315      40.5828 
    -46.5987      38.8410 
    -45.9760      41.8989 
    -48.7800      31.8100 
    -50.5385      28.0570 
    -52.2434       3.9782 
    -53.7207      11.6076 
    -54.0703     -32.5548 
    -68.4357     -75.8660 
    -62.6764     -48.7824 
    -62.9446     174.4805 
    -58.6433      24.5733 
    -57.5877     -62.7941 
    -54.3255    -119.6615 
    -53.2471     165.8184 
    -53.1200      86.2078 
    -53.1201      -6.2297 
    -53.7847     -97.5416 
    -56.4769     147.3745 
    -59.1473      -4.7284 
    -56.8830     104.9621 
    -58.7210    -129.1195 
    -53.7557      -2.7831 
    -57.8323      93.5009 
    -50.1039     134.7515 
    -48.0724    -127.2606 
    -53.6246     -90.1727 
    -49.6795     -52.5540 
    -62.8935      18.7161 
    -52.8995     -18.1709 
    -62.6576      17.7051 
    -52.5917       8.9787 
    -58.9407    -166.7988 
    -66.3116     -70.2672 
    -51.1848    -131.5966 
    -53.5590     -80.5399 
    -49.6000    -108.7940 
    -54.7464    -100.8909 
    -51.9747    -123.2026 
    -59.1249    -161.2462 
    -61.5456    -157.7982 
    -65.1094      98.5742 
    -67.1231     -47.7382 
    -59.9774      88.3812 
    -56.5893      -9.1818 
    -65.7574     -53.1651 
    -54.9401     -65.7346 
    -51.6808    -153.2471 
    -52.9530     132.8532 
    -53.5261      62.1244 
    -54.2170     -21.5398 
    -54.5301    -114.4852 
    -55.7260     155.5631 
    -56.0041      57.8345 
    -58.1384     -97.8491 
    -56.1287      17.2256 
    -60.9202     147.5877 
    -60.9949    -115.9090 
    -53.9925     -67.2454 
    -49.4206      42.2775 
    -52.5303     121.2397 
    -48.9514     149.0468 
    -49.4425    -135.9056 
    -55.7399    -153.4087 
    -50.5617     -86.9610 
    -54.8190     -90.4205 
    -49.8591     -44.8707 
    -58.8909      -5.2835 
    -51.2112      21.3634 
    -53.1452      86.9600 
    -50.6844      53.9089 
    -52.6173     101.4372 
    -48.9366      62.2983 
    -53.0556      72.1446 
    -49.5983      36.3645 
    -54.2879      -6.5387 
    -54.7125     -13.8044 
    -54.4624     -73.6692 
    -65.9146     -59.9787 
    -52.8196     -91.6919 
    -54.3792    -173.1835 
    -59.2711     169.9212 
    -51.6997     117.0560 
    -51.3555      24.3277 
    -54.6105     -57.7379 
    -55.0839    -134.4586 
    -53.5922     141.2711 
    -54.2933      42.8442 
    -56.8403     -48.4877 
    -57.0153     175.7971 
    -58.3986     -58.0969 
    -64.6031       4.9144 
    -55.4199      88.1061 
    -52.2635    -156.5262 
    -55.3306     -61.6448 
    -53.3179     -26.5889 
    -50.1809      44.0985 
    -56.2647     100.7196 
    -50.3292     108.8761 
    -53.8111     178.3755 
    -51.4379     171.5935 
    -50.8009    -137.9828 
    -54.2918    -140.9787 
    -50.5489     -78.4928 
    -53.9057     -84.6722 
    -48.4156     -51.2589 
    -51.9111     -76.0189 
    -48.2182     -50.9899 
    -50.1364     -88.7307 
    -49.6513     -74.7468 
    -49.0806    -122.5794 
    -56.0111    -145.9387 
    -52.3026    -168.2360 
    -57.0805     132.0475 
    -57.1164     173.1068 
    -51.5137      93.4610 
    -55.1109       8.6558 
    -59.4513       4.0830 
    -52.3651     -71.5376 
    -52.2819    -176.7523 
    -54.8629      94.6294 
    -56.0522      27.8080 
    -54.7400     -55.6027 
    -55.1851    -159.5948 
    -62.4860     102.5631 
    -65.4753    -173.8583 
    -57.1482    -140.4329 
    -52.4781      -7.4138 
    -59.7302      95.3239 
    -54.4608     122.8620 
    -52.6550    -134.9591 
    -54.5725     -73.4569 
    -54.0518     -56.4459 
    -51.7530      16.1770 
    -58.4347      22.5434 
    -51.1847      62.0483 
    -55.3177      95.9146 
    -50.5630      95.3248 
    -56.0997     149.6167 
    -49.0082     139.3551 
    -52.6257     169.4122 
    -47.0643     156.9877 
    -51.9391     161.6061 
    -47.6562     153.6679 
    -53.0684     135.6278 
    -49.2514     128.0456 
    -51.6657      69.5869 
    -55.7948      74.0820 
    -53.7773      18.2143 
    -65.5787     -43.9053 
    -55.3345       4.2773 
    -51.9807     -92.5796 
    -56.1559     170.9121 
    -60.7012     171.6963 
    -53.1923      86.4268 
    -52.3040     -19.3789 
    -55.3797    -106.7658 
    -57.4018    -168.3540 
    -55.4211     104.2997 
    -61.6819    -156.5521 
    -61.3222       7.2062 
    -54.7168     136.8208 
    -54.1966     -90.2296 
    -59.3584     -97.1533 
    -51.4947      15.9014 
    -57.0715     104.1443 
    -55.2354     132.0163 
    -53.6492    -168.3200 
    -62.7669    -111.3729 
    -53.0646    -121.9625 
    -56.8097     -44.6448 
    -52.9449     -70.7992 
    -52.2717     -23.2945 
    -53.5912     -46.3867 
    -51.1620      24.5283 
    -52.0383      -1.3895 
    -50.2230      47.1404 
    -49.8658       8.2513 
    -52.8061      36.2502 
    -50.7695     -10.4096 
    -56.4648      -2.8718 
    -51.3546     -42.2599 
    -60.0294    -102.7228 
    -56.0997     -78.1000 
    -56.3760    -164.2959 
    -76.9471     -55.1163 
    -54.4989     173.6532 
    -51.9412      69.2915 
    -56.6657     -28.7213 
    -59.8361     -32.1126 
    -52.9786    -116.8402 
    -53.1954     143.5458 
    -58.8464      53.6881 
    -60.1380       4.6634 
    -55.7521     125.9195 
    -57.3828     -76.2296 
    -57.1235      62.8221 
    -66.6695     138.8092 
    -52.0664     155.9278 
    -53.3099     -78.5849 
    -59.5858     -83.8874 
    -52.5779       6.3540 
    -58.8667      74.2182 
    -54.5327      53.9097 
    -54.5240     151.3856 
    -57.9066      95.7547 
    -53.1957    -173.0037 
    -56.1236     172.6071 
    -51.0828    -158.5160 
    -59.9435    -132.0302 
    -49.8870    -121.7829 
    -58.1646    -128.9977 
    -50.5256    -107.7884 
    -54.2642    -159.7756 
    -53.5018    -125.8394 
    -54.5573     170.3931 
    -57.9443    -158.7139 
    -53.2290     129.7441 
    -69.4208      53.9830 
    -56.1839     102.1072 
    -56.7484      -1.6164 
    -72.1690      73.0083 
    -53.3940     -20.6518 
    -51.5883    -129.4414 
    -57.4006     133.8038 
    -58.1510     142.7158 
    -53.1270      48.4431 
    -55.0406     -63.6222 
    -62.7901    -172.3751 
    -55.3391      57.1372 
    -62.1844    -113.4647 
    -71.2135      64.4112 
    -57.0156     -42.0358 
    -51.6332      78.9658 
    -67.2098     174.9643 
    -52.6802     164.4711 
    -54.8531     -89.7976 
    -58.0736    -123.9046 
    -53.2589     -38.2513 
    -66.9713     -99.7971 
    -52.3164      -4.4857 
    -66.6489       9.9483 
    -51.7211      40.7033 
    -56.7963      67.6030 
    -52.2477      54.8227 
    -56.2424     115.4100 
    -50.9915      75.9012 
    -57.9372     103.2292 
    -50.4631      77.3631 
    -59.3325      34.6932 
    -53.6056      61.1268 
    -58.4831      -9.9351 
    -56.5463      39.3951 
    -54.6719     -49.8106 
    -76.8973      21.1894 
    -54.6167     -79.6786 
    -57.7122    -175.0654 
    -65.4544    -121.6626 
    -52.4234     144.2760 
    -51.9925      36.6734 
    -62.5985     -59.4183 
    -59.3123     -35.2556 
    -55.2868    -151.2854 
    -56.9787      85.2897 
