     -67.5782    -149.5587 
    -73.5904      11.2476 
    -62.7977       3.4935 
    -77.3225    -161.0908 
    -72.5739    -132.2631 
    -79.1238     -92.3272 
    -67.6424      63.8194 
    -67.0264     144.1917 
    -63.1291     163.0153 
    -66.6180    -107.1844 
    -69.3523    -100.3526 
    -73.0774      -4.8715 
    -70.5120      71.5621 
    -68.3669      68.0290 
    -62.2299     159.8568 
    -62.0853     144.3015 
    -62.2959     141.1203 
    -62.6311      96.1013 
    -75.1484    -159.9950 
    -64.7011     106.5214 
    -65.8539      45.8636 
    -68.3918     -47.2482 
    -70.4879     -36.7842 
    -66.7976     -27.7615 
    -61.8981     -45.9231 
    -65.9293     -70.8825 
    -64.9080     -50.3398 
    -64.4524    -121.1076 
    -68.8366     129.5833 
    -67.1840      59.5046 
    -63.0763      -4.7490 
    -62.5603     -89.2819 
    -64.8194     177.1998 
    -67.1615      81.3280 
    -64.9194     -27.6551 
    -64.1314     -36.5559 
    -70.1503     123.2720 
    -66.3619     154.0100 
    -66.3555     -81.2720 
    -61.4609      -4.2816 
    -69.7602      48.6945 
    -65.4845     145.4681 
    -68.1328    -111.4169 
    -68.8408     -88.0112 
    -68.1020     -28.2912 
    -70.9808       3.8758 
    -71.7836     -36.4582 
    -70.9949     -84.8053 
    -67.9437     -25.3277 
    -64.0468     -62.7149 
    -62.5057     -67.1895 
    -60.9663     -99.0140 
    -69.3360    -111.2389 
    -61.7906     -75.0267 
    -60.6431    -128.8388 
    -63.8538    -147.3940 
    -75.0374    -175.9855 
    -83.9954      50.4361 
    -67.4747      77.4014 
    -63.4999      37.4490 
    -70.7637      32.1202 
    -61.9139      60.0487 
    -64.4027       4.8188 
    -66.1106     -37.2351 
    -66.8727     -99.7740 
    -62.1405     138.9215 
    -62.3961      52.2429 
    -62.8381     -32.8966 
    -63.2819    -125.6089 
    -64.6919     136.3063 
    -62.4292      92.6798 
    -64.1580    -106.6883 
    -62.3285     -37.7833 
    -62.3517      64.6723 
    -59.0258     119.5089 
    -65.8485    -150.8753 
    -64.4516    -108.0136 
    -65.8370     -32.4503 
    -69.8525      -0.5902 
    -67.5154      29.2488 
    -69.6107      34.4355 
    -63.8724      34.7039 
    -63.3882      44.1535 
    -61.4474      81.6891 
    -60.3201      77.0027 
    -58.7914      69.8555 
    -62.0408      52.3258 
    -62.0137      85.0514 
    -59.8235      32.1926 
    -62.9484       6.6937 
    -65.5199     -49.7204 
    -77.9044     -31.5240 
    -66.5355     -15.3411 
    -69.5532    -147.1822 
    -67.7546      91.2470 
    -68.2375    -106.8179 
    -63.1833     178.0414 
    -62.9985     163.5883 
    -60.6047     109.7166 
    -62.2352      36.5422 
    -66.0277     -77.3362 
    -68.2870    -174.9226 
    -67.8775     113.9708 
    -67.1095      18.8118 
    -69.0170     -96.4646 
    -72.0780     -36.0542 
    -63.9787      30.6056 
    -60.2922      92.3586 
    -61.6860    -167.2706 
    -60.3933    -116.8378 
    -62.7832     -27.5792 
    -62.8530      54.5542 
    -70.2353     100.4308 
    -69.9096      77.4394 
    -63.1995      78.4919 
    -60.1490     143.4417 
    -57.9630     154.8715 
    -58.7877    -169.0325 
    -57.8759    -140.5115 
    -56.6547    -137.3115 
    -62.2900    -143.6777 
    -64.1399    -103.5251 
    -66.9302     159.3128 
    -75.0827     127.1086 
    -62.7422     131.3235 
    -62.7468      60.9509 
    -67.8430     111.0625 
    -60.0256      68.3009 
    -65.8848     -12.2014 
    -79.4679    -117.0361 
    -68.7114      -6.7586 
    -69.4621    -106.4179 
    -65.0974     -67.9126 
    -61.4522    -123.0973 
    -58.3875     155.4108 
    -62.6826      58.1973 
    -64.1330     -20.4768 
    -65.7238    -108.5036 
    -65.4878     150.2890 
    -67.1613      53.4735 
    -67.8534      32.3081 
    -61.1780     151.8556 
    -60.9679    -144.4767 
    -60.0307     -61.7508 
    -60.0179      25.4269 
    -65.0178      94.6778 
    -62.5536    -170.4221 
    -72.1969    -135.4631 
    -72.1268     171.9284 
    -65.7697     114.5583 
    -63.5795    -127.9697 
    -59.8240    -108.8746 
    -61.5363     -60.6425 
    -58.3906     -19.9210 
    -61.3778     -25.2528 
    -72.8957      13.5182 
    -69.4066      26.5551 
    -76.0250       8.8204 
    -66.3226       4.8629 
    -68.0890    -141.0541 
    -70.8256      70.7122 
    -70.8067     -39.1599 
    -71.7767     164.8119 
    -68.6697     -62.8941 
    -66.7114    -140.2444 
    -75.5120    -174.3211 
    -65.3177     168.8843 
    -60.0770      77.0415 
    -58.0295      -2.2970 
    -59.5243     -74.8749 
    -60.7559    -137.9469 
    -62.1641     141.3073 
    -65.3555      59.3675 
    -70.1169     -88.3809 
    -66.2438     157.3248 
    -63.1702     157.6296 
    -63.2362     -90.4530 
    -60.2862       0.3392 
    -62.4941      81.3453 
    -58.6692     158.2016 
    -64.9708    -105.4574 
    -63.6665     -45.0633 
    -64.5872      88.7498 
    -62.5553    -166.0614 
    -61.2484    -123.2036 
    -61.0134     -34.2845 
    -61.1846     -13.3046 
    -65.3150      80.7744 
    -61.4476      89.8885 
    -82.5863      56.7098 
    -62.9217    -172.1294 
    -66.1421    -151.6591 
    -60.0355    -152.5298 
    -63.5181    -166.2521 
    -60.2566    -140.2961 
    -58.6905     159.5715 
    -73.7266     115.2069 
    -64.6059    -147.1137 
    -65.1644     165.2965 
    -62.5689     121.3541 
    -63.3192      58.4395 
    -59.5609     -42.0454 
    -57.8342    -124.0069 
    -58.6588     156.8783 
    -61.3048      82.6788 
    -59.7778     -11.3500 
    -59.7052     -97.4856 
    -60.4172     166.9366 
    -69.3362      45.6905 
    -69.1210     -76.2882 
    -64.3332     -71.9309 
    -67.5419       6.4742 
    -61.9540     121.6117 
    -62.2301    -131.2256 
    -61.3874     -74.5043 
    -62.7255      58.7437 
    -68.7615     113.6518 
    -61.9159    -126.2924 
    -58.9360     -67.3561 
    -61.9812     -22.4258 
    -64.2233      19.7651 
    -64.4114      13.5212 
    -65.4735      12.6063 
    -73.5835      92.9816 
    -60.9683     -15.6730 
    -62.6818     -32.2083 
    -59.5452     -13.8384 
    -59.8714     -49.3922 
    -60.7507     -58.5220 
    -57.7270     -57.2487 
    -56.8202    -104.1530 
    -60.8033    -131.6648 
    -62.6614    -129.3436 
    -65.4682    -122.5637 
    -60.4944    -119.9744 
    -60.3942     172.7695 
    -58.6080      94.0963 
    -58.9512      12.7164 
    -56.4807     -54.3096 
    -57.9941    -124.9293 
    -58.9816     124.1098 
    -59.6203      27.2667 
    -60.9088     -59.2403 
    -65.6742    -124.0035 
    -69.0458      84.6117 
    -67.9904      18.5293 
    -72.6483     157.2562 
    -59.9829    -117.0083 
    -63.1482     -21.2442 
    -63.5159      28.7756 
    -61.0998     161.4474 
    -63.0453     -73.5875 
    -59.1616     -19.7631 
    -57.9898      41.3663 
    -58.5176      65.0306 
    -62.3116     111.4001 
    -63.2528      80.5976 
    -64.0433      80.7541 
    -59.2955     122.1964 
    -58.0362     128.9549 
    -62.3298     142.1499 
    -61.5150     113.7146 
    -58.8156      78.4291 
    -57.9442      69.1544 
    -54.5611      41.1516 
    -55.5856      -1.7341 
    -59.5454     -40.8905 
    -60.9354     -31.3124 
    -61.0201     -30.5012 
    -55.6900     -33.9766 
    -54.8530     -89.7169 
    -57.3603    -158.9392 
    -57.4908     118.3857 
    -54.8600      48.7570 
    -54.9215     -25.7116 
    -59.4993    -114.1500 
    -60.3422     147.5465 
    -60.2971      58.8194 
    -59.5251     -23.8827 
    -70.4412    -139.0559 
    -65.8299     122.9301 
    -69.6950     -36.4080 
    -59.1967      -4.6538 
    -62.2440     108.2501 
    -63.4176    -140.2459 
    -59.2020     -46.9655 
    -56.3916      44.5783 
    -55.9892     115.7096 
    -56.6952    -172.7204 
    -65.2568    -135.0215 
    -69.9500      70.4014 
    -60.0786     142.7340 
    -61.0938    -171.3482 
    -60.8419    -147.1364 
    -62.2640    -134.6734 
    -65.8943    -167.0395 
    -65.2947    -160.8420 
    -60.0345     175.5045 
    -60.9110     162.2083 
    -56.9177     146.0812 
    -57.8416      98.6901 
    -62.5580      64.4593 
    -60.7245      23.3942 
    -72.5652      -9.1960 
    -60.8357     100.3832 
    -56.8814      61.0194 
    -55.8297      -6.3438 
    -57.1881     -98.9165 
    -54.2598     168.3852 
    -53.4169      90.3995 
    -56.6697      17.4686 
    -60.2122     -87.9251 
    -59.9731     133.5278 
    -61.4349      54.8348 
    -75.1722     -78.3771 
    -71.0022    -114.6949 
    -71.5401      24.4933 
    -60.7199      93.5491 
    -68.8311    -128.6465 
    -65.8677       5.3448 
    -58.4597      72.2170 
    -55.4628     158.9302 
    -60.0499    -120.7925 
    -60.7890     -61.9172 
    -68.0407      27.2202 
    -65.1339     146.7737 
    -59.7889    -161.1780 
    -61.7179    -101.8181 
    -71.4820    -138.5256 
    -64.5719    -153.5137 
    -58.0216    -157.1013 
    -62.1844    -148.1921 
    -60.2367    -156.7014 
    -67.7782     166.4129 
    -65.0734     -86.3749 
    -62.2848     158.8776 
    -60.9560     106.4203 
    -58.0691      62.6385 
    -57.7965      31.0708 
    -67.7157     -79.0889 
    -61.2173    -163.4814 
    -58.6297     128.7543 
    -56.9835      45.5185 
    -58.8296     -75.1827 
    -54.9410    -172.3494 
    -54.9835     105.7048 
    -61.5989       6.8287 
    -61.2295    -113.1307 
    -60.9696     148.0907 
    -66.1624      37.3992 
    -65.5800      -8.0055 
    -73.1312    -156.8783 
    -65.5297    -170.0010 
    -64.5024     -37.6234 
    -60.7922     113.2013 
    -59.6120     173.9064 
    -55.7441    -104.8481 
    -59.2201      -5.2292 
    -57.8719      85.8136 
    -58.0700    -168.3952 
    -56.0682     -93.4883 
    -59.9887     -63.9365 
    -62.1099     -34.0666 
    -69.3352    -166.7823 
    -58.0591    -107.8462 
    -53.6582     -94.4307 
    -54.5393     -81.7433 
    -54.1968     -91.8049 
    -60.9566     -94.3096 
    -61.2191    -112.6657 
    -70.4379    -178.9992 
    -65.2688    -129.7027 
    -54.2505     155.7587 
    -52.5800     123.2051 
    -53.7596      60.5294 
    -54.0478     -13.0801 
    -54.6624    -108.0756 
    -54.9496    -176.2907 
    -60.0952     106.1291 
    -60.7406     -60.5568 
    -54.9618    -145.3214 
    -55.9726     115.1262 
    -59.1611      -1.3191 
    -62.0711    -128.0811 
    -59.5296     156.2056 
    -61.3653      71.6596 
    -72.9759      51.3730 
    -68.9424     -65.2458 
    -69.2679     115.0432 
    -58.2485     178.6250 
    -59.1983     -82.9692 
    -61.2153     -27.5265 
    -60.3938     154.8267 
    -58.1587    -119.7654 
    -55.3036     -51.1731 
    -53.8970       8.4863 
    -61.4494      56.4472 
    -60.3148     -27.7881 
    -55.6880     -34.4943 
    -51.1226       4.2936 
    -51.1834       1.4007 
    -52.0741       8.0996 
    -52.6368     -15.6720 
    -56.0235     -33.2099 
    -58.6233     -43.0457 
    -60.2366    -101.4349 
    -59.8853     -92.5008 
    -58.1222    -129.9972 
    -54.8248    -127.6859 
    -51.6479    -177.9105 
    -52.7739     103.9145 
    -54.7175      16.4861 
    -53.9382     -78.0197 
    -55.4393    -159.3420 
    -60.5277      98.8168 
    -59.9666     -56.6924 
    -59.9509    -138.4791 
    -60.7785     126.3151 
    -62.9760      20.2233 
    -60.6060    -101.9831 
    -59.0177     160.7050 
    -73.1928     -52.7510 
    -66.0244      70.4145 
    -67.3331    -172.5878 
    -57.0276     -90.9576 
    -61.2631     -12.6597 
    -80.8189      21.8645 
    -60.2036     -80.6442 
    -53.2647     -11.4187 
    -52.2704      63.9589 
    -53.8387     119.8297 
    -57.7859     147.3896 
    -57.6452      99.6034 
    -62.7032     113.8604 
    -56.3243      88.8925 
    -50.7101      82.4432 
    -48.6062      95.1545 
    -49.4656      80.8148 
    -52.8362      62.4220 
    -54.9713      51.3194 
    -57.3244      49.9481 
    -58.0134      45.3906 
    -55.7055      10.3065 
    -52.3870     -34.9840 
    -51.2321     -75.8410 
    -51.3384    -128.6250 
    -53.5115     159.3470 
    -54.9649      42.7903 
    -53.3931     -68.3894 
    -57.0075    -143.4571 
    -71.3355      91.6755 
    -62.2226     -60.9582 
    -58.0509    -140.4669 
    -57.6217     137.0239 
    -60.8745      16.4927 
    -59.5920    -104.6292 
    -64.2800      67.1219 
    -59.4113     163.4194 
    -62.7483     -81.9663 
    -60.5992     -40.9486 
    -65.3156      60.4125 
    -57.7710     -13.5931 
    -55.5778      40.4605 
    -51.9267      84.4647 
    -50.5156     151.3550 
    -54.0371    -145.4359 
    -56.1943     -89.2300 
    -63.3189      32.2632 
    -57.9213     140.7249 
    -53.7127     175.5259 
    -54.5914    -131.1242 
    -55.3879    -141.6025 
    -54.2104    -142.8004 
    -51.4929    -176.2173 
    -53.3758     153.6696 
    -60.8453     151.5728 
    -72.0046     -54.2411 
    -57.0762     172.2168 
    -51.4566      98.2724 
    -48.0520      25.7400 
    -48.5227     -48.9464 
    -52.7115    -121.4418 
    -61.0341     128.6876 
    -56.8518      -3.6940 
    -54.3069     -65.1190 
    -58.5711    -129.1098 
    -70.0112      97.2205 
    -57.4718     -40.7043 
    -54.6812    -148.1441 
    -58.7458     115.4295 
    -57.2663     -15.1521 
    -62.0554     144.4010 
    -56.7741    -116.9131 
    -59.3730      13.0213 
    -62.2557      40.4406 
    -84.3052     126.5937 
    -60.5871      48.3136 
    -52.5333     101.2633 
    -50.1855     167.9816 
    -52.0946    -114.6464 
    -58.9644     -64.7445 
    -64.7002     118.8780 
    -53.4048    -164.1603 
    -52.9146     -87.6876 
    -58.7457     -48.5861 
    -61.4071       3.7814 
    -62.7609    -139.3669 
    -67.4224     -87.9923 
    -60.3637     -58.8981 
    -59.7088     -57.6669 
    -70.1391     -85.8701 
    -61.9754      57.7314 
    -55.4491     -50.1798 
    -55.1147    -126.4275 
    -50.4666     142.0330 
    -47.2346      60.9595 
    -47.3520     -19.0072 
    -56.2747    -115.9009 
    -55.8125      52.5126 
    -51.0208      -6.6766 
    -52.2975     -70.6711 
    -64.0730    -150.2839 
    -59.6078      29.1151 
    -51.8378     -70.2612 
    -53.7296    -167.8014 
    -54.5179      83.9249 
    -57.7029    -152.2999 
    -57.5825     -38.8599 
    -59.9795      91.8742 
    -67.6795    -132.1037 
    -58.1952      15.9401 
    -53.1308      94.2250 
    -48.8623     178.1167 
    -52.6265    -118.2469 
    -54.7643     -65.5955 
    -62.1254      76.2132 
    -54.9807    -122.4708 
    -56.0475     -77.9834 
    -58.7116     -33.4776 
    -64.7689      94.9224 
    -58.2488     113.4367 
    -51.8363      87.6740 
    -47.0840      70.6080 
    -46.9806      63.4272 
    -50.3911      53.4718 
    -58.7145      87.4943 
    -54.5083     111.7960 
    -50.0471      83.0138 
    -53.3568      20.7304 
    -54.9181    -128.6590 
    -48.8178     142.5771 
    -46.7580      75.4871 
    -48.5923       2.9928 
    -81.9301      19.3279 
    -52.2741      66.0428 
    -49.5839      16.7009 
    -53.8855     -61.5639 
    -58.9765     128.5563 
    -51.8398       5.7004 
    -50.7645     -91.6657 
    -53.2937     156.5522 
    -56.8003     -70.1128 
    -58.4104      33.1456 
    -54.9712     171.8493 
    -56.0791     -27.4328 
    -53.2164      89.9471 
    -51.9824     163.8679 
    -49.3061    -109.7044 
    -53.3551     -64.5266 
    -61.7958      72.7987 
    -57.7516    -113.4489 
    -53.2163     -63.0650 
    -53.6280     -25.8258 
    -58.8177     -15.2853 
    -59.1173    -158.8522 
    -49.5475    -141.1744 
    -43.3923    -133.5792 
    -41.8977    -148.6266 
    -41.9196     179.1876 
    -42.9822     152.0623 
    -47.4541     146.6282 
    -47.7906     150.7366 
    -46.1001     143.1844 
    -47.5012      85.0719 
    -54.4201       8.8188 
    -52.0445    -141.9659 
    -47.9403     140.1298 
    -46.8778      94.8105 
    -51.5842      32.9304 
    -60.5827     153.0923 
    -50.6637      95.3936 
    -49.0588      17.8388 
    -57.0239    -107.2568 
    -52.3687      61.8584 
    -49.5196     -34.0627 
    -52.1687    -139.4741 
    -57.0625     -14.9401 
    -55.4265     122.9075 
    -51.8699     -84.7423 
    -52.0420      48.8317 
    -50.2205     143.4374 
    -49.6143    -131.2412 
    -51.2096     -41.8585 
    -58.8796       4.0560 
    -56.8021    -127.3651 
    -52.9480     -89.9321 
    -47.8708     -34.7145 
    -49.7594      19.3210 
    -56.1157      10.1357 
    -47.0913     -27.0088 
    -47.3898     -10.1898 
    -47.1559     -24.5014 
    -45.3466     -75.2464 
    -40.5213    -100.3188 
    -38.4514    -125.5589 
    -40.3909    -147.8015 
    -42.8967    -150.0866 
    -41.9805    -157.4861 
    -41.9856     160.6775 
    -47.2101     111.4676 
    -57.7904      -8.2288 
    -48.8612    -151.3933 
    -48.3366     157.1460 
    -47.9574     107.0567 
    -60.5398      15.3837 
    -50.7364     174.3854 
    -47.2507      91.0890 
    -52.2221      -9.1186 
    -55.0671     140.3208 
    -49.6876      24.4527 
    -52.0452     -83.3664 
    -55.1627      59.0330 
    -52.0538    -144.1956 
    -50.2550      -1.7557 
    -50.4992     119.1811 
    -48.6552    -149.6305 
    -50.1591     -41.6950 
    -63.0656      18.7249 
    -63.9960    -164.4400 
    -51.1166     -79.7310 
    -44.8243     -32.5945 
    -44.6361      36.7498 
    -53.0083      73.0670 
    -50.7663      37.6646 
    -45.7471      48.7633 
    -48.2747      42.8813 
    -47.0573      11.4947 
    -41.8705     -21.1005 
    -39.6753     -43.9680 
    -38.6606     -60.8029 
    -37.9716     -77.5709 
    -39.4934     -94.0505 
    -40.0359    -113.0267 
    -40.2469    -151.6740 
    -43.6832     169.1591 
    -50.3099      98.1049 
    -52.3869     -58.0608 
    -49.7804    -141.1480 
    -46.5088     178.2261 
    -51.9103      93.2589 
    -53.2685    -104.9074 
    -46.2466     150.1728 
    -49.3053      52.5342 
    -61.3032    -115.1436 
    -49.3473      72.6159 
    -52.9389     -38.1017 
    -55.8678     110.6393 
    -51.5582     -82.0533 
    -50.4344      51.2450 
    -49.8825     168.5950 
    -48.9111     -84.9072 
    -53.7836      41.9577 
    -63.4634     141.7884 
    -50.4268    -103.8707 
    -45.1221     -32.3008 
    -42.7095      29.2541 
    -45.7856      79.5433 
    -47.0997      70.7596 
    -43.9883      89.4809 
    -41.9069     114.5003 
    -43.6932     121.7032 
    -42.7453      97.5621 
    -40.2112      61.0857 
    -36.9438      27.9422 
    -35.4599       2.8122 
    -36.0540     -20.5652 
    -37.6562     -40.6897 
    -37.0355     -64.7939 
    -37.4132    -102.6365 
    -40.7749    -145.2472 
    -44.8576     162.7805 
    -50.9522      64.6049 
    -49.9140     -55.1862 
    -46.9192    -118.2600 
    -50.4731     152.7936 
    -56.2661     -50.6033 
    -45.2145    -157.4100 
    -47.7930     102.3031 
    -60.3797     -44.5329 
    -50.4518     120.1797 
    -54.7323      -2.7058 
    -55.4403     162.8741 
    -54.5687     -28.2771 
    -50.1188      91.5949 
    -48.5120    -144.5128 
    -49.9699     -13.7889 
    -56.9013     125.7922 
    -50.8788    -121.1776 
    -46.1368     -35.5286 
    -44.1159      30.5136 
    -45.6573      76.5010 
    -45.1848     104.0263 
    -43.6423     129.0483 
    -41.4104     165.3546 
    -43.3678    -177.9164 
    -44.7201     179.6023 
    -46.3978    -169.7122 
    -47.3130     163.4042 
    -42.3752     110.8252 
    -41.1448      77.1697 
    -39.8674      60.9901 
    -38.3159      20.6279 
    -37.8834     -13.2333 
    -37.8478     -57.4852 
    -40.5232    -106.9251 
    -44.4924    -153.1783 
    -48.2680     131.1392 
    -46.7422      25.8009 
    -46.7687     -64.9566 
    -49.7531    -155.3448 
    -53.5030     -13.6102 
    -46.3838    -113.5216 
    -46.9974     139.1935 
    -57.1934       7.7829 
    -51.2371     143.8458 
    -56.3044      34.0623 
    -60.4073    -144.1107 
    -57.0863     -10.1758 
    -51.5884     126.9328 
    -48.8631    -100.5996 
    -51.6492      49.1265 
    -58.2466     178.5545 
    -48.0772     -60.0704 
    -46.0214      21.9999 
    -48.4681      77.2341 
    -48.9761      66.0328 
    -44.2953     121.1857 
    -42.6203     169.2527 
    -43.0176    -154.1234 
    -39.1813    -159.1784 
    -38.4402    -158.0748 
    -39.7976    -163.8873 
    -45.5304     143.5738 
    -41.9172      88.2980 
    -41.6744      79.5608 
    -45.5835      82.1317 
    -41.8680      82.2469 
    -39.0742      20.4048 
    -39.1544     -34.1805 
    -43.4888     -80.7274 
    -48.5502    -117.7905 
    -50.1413    -177.4967 
    -44.1340      89.5698 
    -44.4401     -22.3463 
    -48.5587    -103.8759 
    -51.7840      24.8245 
    -46.8748     -91.3508 
    -47.5321     171.6463 
    -57.3370      53.7555 
    -50.8435     179.0317 
    -60.3977      31.1379 
    -64.9822     161.7616 
    -59.8388      10.2024 
    -54.3779     156.2929 
    -51.8424     -60.1805 
    -55.3138     110.9436 
    -53.7231    -127.9745 
    -47.9779     -13.5112 
    -51.2399      87.3030 
    -58.5154     -16.9274 
    -43.8551      61.0697 
    -42.8330     131.2422 
    -40.1475    -169.3633 
    -36.3563    -112.4137 
    -35.3006     -81.6373 
    -35.0344     -76.9241 
    -37.2183     -68.4586 
    -42.7834    -171.3244 
    -33.9233     158.2115 
    -34.2092     150.2280 
    -36.7761     123.0097 
    -41.3829      82.7816 
    -40.9288      38.5474 
    -40.3955     -16.6479 
    -43.8285     -91.4085 
    -50.2364     174.5696 
    -61.7789      85.9413 
    -46.3713     121.3634 
    -44.1378      10.9862 
    -49.5990     -52.9940 
    -51.7395      58.7764 
    -46.5935     -63.6786 
    -49.3213    -165.9886 
    -57.7021      96.0531 
    -52.3541    -159.0864 
    -57.8541      17.8960 
    -65.1676     136.7856 
    -61.2380      15.9069 
    -58.5211     170.8701 
    -55.7578     -37.5723 
    -58.1951     160.1381 
    -53.6003     -82.1619 
    -49.4512      35.3118 
    -56.1376    -141.4126 
    -46.4668       0.0523 
    -41.8624      84.3801 
    -41.6423     140.5524 
    -39.2293    -143.6378 
    -36.7385     -71.4593 
    -35.4226     -26.0485 
    -37.4740       9.6891 
    -40.0458      83.7404 
    -39.2785     177.0234 
    -33.2243    -144.9356 
    -31.9107    -149.0386 
    -34.2167     169.5983 
    -36.9941     111.8949 
    -38.3964      54.5749 
    -40.2711      -3.8830 
    -42.1186     -68.3835 
    -44.0900    -164.1411 
    -45.1656     105.3814 
    -48.6012     128.5210 
    -45.5519      36.2905 
    -49.1853     -10.6547 
    -56.3966      93.0831 
    -47.9087     -37.4635 
    -50.6805    -146.9981 
    -63.4999     161.2959 
    -52.8903    -157.7987 
    -59.6599      36.2097 
    -58.1953     128.1554 
    -69.8169     -97.4756 
    -63.9433    -156.7047 
    -71.9017     -37.2347 
    -57.8485    -116.2617 
    -54.4215     -35.6088 
    -54.0285      64.1112 
    -53.0070     -49.4723 
    -48.4235      28.3078 
    -46.1795      96.1819 
    -44.0580     143.9769 
    -42.8702    -152.5260 
    -37.2381     -79.6143 
    -34.2812      -5.1755 
    -37.0012      88.1908 
    -33.1671     174.4582 
    -34.9525    -153.2185 
    -34.8327    -113.2894 
    -31.6835    -129.6927 
    -32.8378     172.0071 
    -37.7576     123.8163 
    -40.8585     100.4333 
    -42.7422      47.6572 
    -46.8300     -26.4528 
    -47.7637    -142.3894 
    -44.5765     147.4076 
    -46.3038     115.4540 
    -47.2981      50.1195 
    -50.6805      36.7835 
    -63.2403      39.8530 
    -49.2928      -5.7699 
    -52.9248    -113.1354 
    -67.3849    -119.6058 
    -54.2071    -148.3192 
    -59.0610      18.5199 
    -59.7780     111.9356 
    -56.1191    -169.1185 
    -59.7936     -54.5172 
    -68.2138    -152.1251 
    -55.5749     -72.9657 
    -55.2934      17.4604 
    -53.6500      46.5284 
    -59.3333     105.2791 
    -65.2786    -140.7855 
    -52.0206      33.1810 
    -48.8731     106.4001 
    -49.7354     176.3319 
    -48.6341     -75.5666 
    -50.7243      39.2619 
    -40.5184    -173.1102 
    -36.6945    -136.1225 
    -35.7245    -112.3674 
    -35.6170    -123.7568 
    -37.5831    -152.4905 
    -45.9128     172.5755 
    -43.4621    -137.5455 
    -40.7256     175.9762 
    -42.0197     128.0522 
    -49.9564      78.2064 
    -53.5799     117.7675 
    -51.2567     177.7292 
    -43.1670     136.7495 
    -48.5577      61.5297 
    -54.1762      70.1839 
    -59.5359      26.3892 
    -54.0784       8.6997 
    -53.9347     -71.3606 
    -57.3892    -117.7152 
    -54.8007    -167.6429 
    -63.1510     -19.0043 
    -54.2141     100.3912 
    -50.6773    -169.4721 
    -54.1115     -48.8092 
    -60.0022    -174.2390 
    -55.0598     -43.0373 
    -53.0660      33.2082 
    -52.4474      23.9400 
    -47.6535     134.1631 
    -48.6435    -124.1543 
    -47.1071     -25.6222 
    -46.1134      34.1355 
    -47.0816      87.7942 
    -39.9570     118.2356 
    -34.6111    -170.6803 
    -32.4299    -115.0243 
    -35.7744     -77.3604 
    -36.7058    -104.3716 
    -35.4006    -162.4183 
    -36.9751      99.9583 
    -34.1006     -11.8485 
    -33.6658     -99.3642 
    -36.3535    -165.0617 
    -38.0008     148.9089 
    -42.9452     108.8678 
    -48.7755      86.5338 
    -54.1733    -109.6468 
    -42.9560     137.4028 
    -52.8848      76.0940 
    -54.5884     123.4384 
    -56.0504      42.0387 
    -54.3962      49.1758 
    -51.5332     -28.0323 
    -54.5991    -100.1778 
    -58.0716    -176.4824 
    -59.2132     -70.1474 
    -52.4914      87.8681 
    -49.5556    -174.5345 
    -50.5051     -51.8512 
    -58.6740     118.8639 
    -54.4316     -47.8833 
    -50.4161      27.2978 
    -65.4561      60.2882 
    -48.7971     116.4510 
    -47.0293    -133.8547 
    -43.3477     -46.7899 
    -42.5669      13.6697 
    -40.4792      71.9017 
    -36.7218     129.4205 
    -33.6346    -175.0842 
    -31.2333    -130.8826 
    -32.9940     -99.8014 
    -40.1269    -107.1238 
    -40.5312     118.5620 
    -36.9853      42.0268 
    -35.4178     -38.4654 
    -34.8386    -105.9531 
    -35.3413    -161.5487 
    -37.0720     150.6508 
    -39.8448     107.6810 
    -48.4385      60.4548 
    -53.4434    -147.7398 
    -46.4262     128.3233 
    -64.2064     163.4936 
    -52.3109     130.8815 
    -60.5620      36.5644 
    -53.1431      94.9888 
    -49.0500     -13.0598 
    -50.7257    -117.5372 
    -55.6941     149.5303 
    -56.8178    -118.5116 
    -53.4771      75.7619 
    -48.9830    -178.1330 
    -48.6272     -55.3626 
    -51.5610     102.8215 
    -50.6516     -71.9127 
    -49.0936      10.6584 
    -54.3318     126.3458 
    -57.8615     125.6342 
    -49.1045    -141.3411 
    -42.9055     -73.8316 
    -42.2272       7.2252 
    -42.7100      46.5268 
    -38.3071      93.5259 
    -35.2940     143.1922 
    -33.4572    -176.5015 
    -34.2260    -144.4320 
    -39.0662    -103.2709 
    -40.4027     -37.1213 
    -36.5955     -47.2006 
    -35.3135     -91.0279 
    -35.3270    -144.0274 
    -36.8288     174.4647 
    -37.8583     141.5337 
    -40.4438      87.8366 
    -62.6344      34.8354 
    -51.1320     157.7049 
    -53.2486      69.5531 
    -51.6382    -168.5133 
    -48.9663     120.9087 
    -72.9900      49.3752 
    -50.5377      92.2937 
    -47.8419     -11.0698 
    -50.2838    -114.0304 
    -57.6364     115.4034 
    -55.7031    -132.8035 
    -52.9490      39.6332 
    -49.3412     167.4850 
    -47.0521     -64.8628 
    -48.8175      71.1605 
    -48.5150    -118.0915 
    -48.1392     -10.9407 
    -47.7483      96.8368 
    -50.1785     163.6231 
    -48.6942    -136.1278 
    -44.5265     -91.4139 
    -40.3626     -11.2715 
    -42.3237      52.6386 
    -42.8143     103.9228 
    -43.4640      91.5759 
    -39.2666     132.4212 
    -39.1664     179.3970 
    -38.2797    -144.9903 
    -38.1727    -123.0056 
    -36.2173    -120.5115 
    -36.0008    -153.4248 
    -39.6325     175.1936 
    -40.0372     169.0203 
    -39.0757     137.3896 
    -44.5247      85.6898 
    -53.7586     103.8470 
    -50.7241      88.7672 
    -52.1077     -53.3230 
    -48.9245     175.9785 
    -49.0818     100.3118 
    -56.9617    -141.5178 
    -50.2597      98.3542 
    -47.3153     -22.2984 
    -49.8529    -134.5485 
    -58.8461      97.3501 
    -54.6596    -166.1539 
    -52.5647       2.6629 
    -47.7773     142.7430 
    -46.9915     -90.8348 
    -48.0701      36.6324 
    -47.3687    -167.0350 
    -46.8598     -37.4120 
    -45.2651      51.3800 
    -47.4796     125.3902 
    -45.9785    -169.3483 
    -43.8421    -108.1181 
    -40.9750     -52.8124 
    -40.6084      -0.0824 
    -38.8536      47.2809 
    -41.2904      82.4073 
    -39.8809     101.8448 
    -38.7925     136.4821 
    -39.4204     162.3542 
    -41.6058    -158.1720 
    -39.3174    -154.0587 
    -40.5778    -169.8079 
    -40.3282     172.5228 
    -40.3264     148.7052 
    -40.3178     119.1505 
    -44.4789      88.3581 
    -49.8668      65.6997 
    -51.7897      10.5134 
    -49.2287    -122.1840 
    -47.9439     142.7998 
    -51.4414      59.6656 
    -53.1624    -167.5243 
    -48.4494      71.7547 
    -47.4558     -37.2433 
    -51.8408    -156.2441 
    -58.4645      31.0974 
    -54.1628     153.3507 
    -51.6535     -36.7990 
    -47.3372     104.2945 
    -47.0197    -131.0751 
    -48.4497     -14.3798 
    -48.7335     131.7155 
    -47.8877     -76.2179 
    -46.0860       1.8839 
    -47.4076      82.9761 
    -46.7090     133.6010 
    -42.9685    -157.9809 
    -42.9600     -90.6121 
    -42.9729     -54.1013 
    -44.0173     -27.4690 
    -39.4384      -4.7312 
    -38.2039      32.5185 
    -40.1204      64.6008 
    -44.2980     107.8077 
    -40.9115     170.6385 
    -37.5176     168.4577 
    -37.9933     147.9275 
    -39.7273     129.2629 
    -40.9710     117.4049 
    -41.0134      92.8102 
    -44.7184      49.9270 
    -52.9628      11.4320 
    -52.6844     -56.9265 
    -49.4401    -178.9084 
    -49.4188     102.3971 
    -58.6365      -7.4794 
    -50.2283     166.6535 
    -47.9460      43.0143 
    -48.0256     -68.2080 
    -51.6630     166.1793 
    -57.9039     -16.9185 
    -53.1577     103.7990 
    -54.8674     -82.1662 
    -47.5922      59.6341 
    -46.5268     178.0696 
    -47.7719     -72.2924 
    -52.7875      52.0803 
    -51.6414    -142.6499 
    -48.3690     -44.7709 
    -46.9854      21.3223 
    -47.8381      88.6116 
    -45.6301     148.8617 
    -43.6885    -144.0253 
    -44.3976     -95.4633 
    -46.7749     -61.8355 
    -44.8558     -72.6419 
    -40.5427     -52.1485 
    -41.7779     -12.4238 
    -44.9632      59.4685 
    -40.8973      98.5452 
    -39.0086      93.1059 
    -41.6920      88.2165 
    -42.6095      87.6999 
    -42.9321      76.8395 
    -43.2055      48.0647 
    -49.1873       2.2685 
    -55.0275     -58.0786 
    -52.0254    -153.7128 
    -51.4523     122.6599 
    -53.5718      59.1636 
    -64.0159    -115.4170 
    -48.9331     110.4820 
    -47.9636      -2.0428 
    -49.1854    -107.4913 
    -54.1550     108.1099 
    -54.8305     -82.4822 
    -52.4582      41.8941 
    -56.8898    -161.2065 
    -49.3482       1.9205 
    -47.1978     122.6016 
    -48.0746    -141.1979 
    -50.1249     -46.9830 
    -54.9328      79.4814 
    -51.3535    -117.8780 
    -49.6321     -47.7143 
    -45.7596      26.7712 
    -46.6995     102.4900 
    -46.4866     152.7743 
    -44.5497    -151.4176 
    -47.2830    -127.2767 
    -45.3789    -126.5881 
    -43.5386    -120.3356 
    -43.5586     -98.3447 
    -46.9229     -66.8647 
    -50.5911     -10.4248 
    -47.6610      35.7985 
    -44.7954      29.3901 
    -47.8855      21.3264 
    -47.9702      36.9845 
    -48.6015       5.3632 
    -53.1651     -51.4406 
    -53.7278    -152.5350 
    -54.6619     118.4960 
    -58.1318      76.7181 
    -71.6082      38.6827 
    -55.2319     135.8095 
    -50.0477      47.2933 
    -50.5720     -54.4726 
    -51.8348    -163.6773 
    -56.1488      40.4862 
    -53.7658    -135.2473 
    -50.8751     -16.6461 
    -53.9009     115.3192 
    -54.4745     -73.0618 
    -50.8192      57.4047 
    -48.8634     154.8103 
    -48.1400    -120.6682 
    -51.9707     -25.8721 
    -57.0780     121.8967 
    -51.9910    -130.1537 
    -47.2641     -48.4262 
    -47.1636      28.3530 
    -46.9198      92.2982 
    -47.8015     135.8853 
    -48.3500     156.0769 
    -47.8694     156.2094 
    -45.3748     164.3979 
    -45.2998     165.6971 
    -48.8622     160.2670 
    -58.4428     132.8750 
    -56.0757      -9.2585 
    -55.3714     -68.3699 
    -62.3045      37.0880 
    -53.1221      20.8029 
    -53.2845     -19.0719 
    -58.6915    -131.8886 
    -56.5080     124.6702 
    -65.6981      96.0862 
    -62.2649     101.3701 
    -57.8980     109.2609 
    -52.1225      56.1522 
    -52.6379     -16.7767 
    -53.4576    -115.9828 
    -58.1029     126.5525 
    -57.7109     -55.9033 
    -53.5684     170.6390 
    -50.9596     -74.8057 
    -52.8599      44.4137 
    -57.8199    -166.8405 
    -57.5727     -24.6320 
    -50.8697      88.2250 
    -49.8015     169.8227 
    -50.3417    -101.1978 
    -53.2829      -8.9588 
    -53.5572     115.3279 
    -52.9899    -137.4333 
    -49.2462     -59.4126 
    -46.8971      10.3636 
    -49.1435      77.9749 
    -53.9665      73.7540 
    -51.3725      58.8519 
    -48.7225      75.4655 
    -47.4345      87.6046 
    -48.4785     108.7891 
    -53.0629     142.3192 
    -54.5290     151.0182 
    -56.7599      93.6503 
    -57.9832      22.5207 
    -56.4011      -7.3520 
    -55.8850     -69.8720 
    -56.8518     159.6131 
    -61.3527      80.4051 
    -66.7188      68.9626 
    -58.2795     134.4278 
    -54.4091      54.9760 
    -55.3236       0.0210 
    -57.8265     -71.3894 
    -59.8042    -178.8073 
    -67.7601      -0.9279 
    -57.4126    -140.9587 
    -54.0866     114.9675 
    -53.5958    -148.5490 
    -55.1795     -33.6292 
    -57.1702      96.3373 
    -67.8201    -139.5054 
    -60.3167       5.1077 
    -55.3249     107.6634 
    -53.6824    -175.4053 
    -51.7731     -95.7034 
    -51.4157       6.7383 
    -53.3423     103.6840 
    -52.4299    -162.1387 
    -49.7875     -78.6719 
    -50.5319      -3.6194 
    -54.3898      32.2127 
    -58.6128      24.9339 
    -63.0791       2.1536 
    -57.6495      13.7712 
    -52.2332      28.1026 
    -53.8057      35.0288 
    -54.7283      19.5864 
    -62.0883      -4.0533 
    -56.0958     -29.5645 
    -55.5309     -97.0512 
    -63.4590     146.5502 
    -62.1940      49.1596 
    -63.8443     -12.6372 
    -57.3513     170.0909 
    -54.2863      70.4432 
    -55.8308       6.1808 
    -58.6011     -47.6252 
    -63.3331    -125.6349 
    -81.3382     147.6483 
    -60.7618    -120.4060 
    -57.1851     161.5753 
    -55.9548      54.8373 
    -55.5503     114.1657 
    -57.3469    -134.0503 
    -59.4274      -3.5546 
    -60.9079      68.7772 
    -66.7284    -153.9565 
    -60.8747      14.3356 
    -57.6244     106.7855 
    -52.7904    -177.0789 
    -50.1454     -87.8321 
    -49.0479     -17.0315 
    -50.0786      72.2923 
    -54.5004     161.3554 
    -57.5920    -105.8090 
    -54.2768     -34.2827 
    -59.0545      23.8586 
    -59.0041     153.2475 
    -73.6697    -144.4502 
    -61.8091      -5.7270 
    -57.9881      14.2706 
    -54.4978      -8.1179 
    -54.7253     -63.5316 
    -55.9877    -135.0324 
    -70.3955     122.6993 
    -59.1120     -35.2725 
    -58.1015     -99.4220 
    -55.6443     172.6793 
    -53.3288      90.3757 
    -54.5195      20.7341 
    -57.4511     -37.7456 
    -64.1852    -104.0080 
    -68.9344    -109.5978 
    -68.9912    -143.3765 
    -62.7271     168.4861 
    -61.5678     101.5495 
    -61.9617     -18.0241 
    -56.3578      17.0335 
    -59.6703     131.2011 
    -63.1177    -121.3794 
    -59.5077     -13.6295 
    -64.1297     124.4573 
    -61.2745     -96.7294 
    -58.7765       1.2953 
    -52.9790      99.8502 
    -50.0662    -168.0073 
    -49.6399    -102.8354 
    -49.2058     -36.2988 
    -53.0063      16.7692 
    -62.4613      41.2857 
    -62.1509     -54.6476 
    -57.6125     -44.4810 
    -59.0276      -7.1635 
    -58.7088      -5.3178 
    -61.1347     -93.9956 
    -58.7945    -163.1250 
    -55.8940    -174.2766 
    -56.1153     166.3058 
    -61.3631     171.5242 
    -58.8973     179.3061 
    -61.0725    -161.0050 
    -55.1903     154.0646 
    -52.2322      77.8083 
    -53.3127       9.8887 
    -56.0763     -52.2536 
    -62.3028    -131.7058 
    -76.4090     -42.5519 
    -63.5366    -123.4418 
    -61.7123     139.6117 
    -64.8257      85.1432 
    -71.5117       7.7343 
    -70.4782    -139.6448 
    -56.3851     -67.1118 
    -59.4361      22.1476 
    -59.8809     124.8670 
    -62.6529    -132.1047 
    -64.8876      -0.8779 
    -65.9529     141.5618 
    -63.1286    -177.0430 
    -57.3635      -0.7706 
    -54.6087     108.1475 
    -51.5204     164.7047 
    -49.7787    -131.2198 
    -51.1272     -87.2113 
    -53.2608     -61.3529 
    -59.4655     -60.8797 
    -59.9125     -74.2734 
    -62.1238     -55.9218 
    -64.0636     -49.8511 
    -71.7008    -171.8600 
    -61.8925      67.5659 
    -64.2589      95.1483 
    -60.5151     111.4240 
    -60.0456      93.6317 
    -60.9308     105.7045 
    -58.1927      97.0003 
    -54.3534      38.2031 
    -54.9128     -27.9423 
    -56.6860     -91.3222 
    -59.3153     173.1682 
    -63.0254      39.1460 
    -62.4536     -81.8742 
    -61.1775    -169.9049 
    -60.7547      76.5321 
    -65.2584      -8.0274 
    -66.0142    -157.5148 
    -67.5039      83.6685 
    -58.1282    -143.3236 
    -61.2341     -62.7325 
    -58.3940      43.6798 
    -59.5044     132.8226 
    -66.3370    -112.8273 
    -60.6681     -28.6733 
    -56.0067      74.4123 
    -65.1389    -161.0810 
    -67.3772    -104.8372 
    -56.2318      46.0844 
    -54.4312     131.7501 
    -53.3011     165.8326 
    -53.7148    -144.6921 
    -58.6349    -112.2218 
    -61.6629    -101.7077 
    -71.9753    -110.0571 
    -63.8100    -129.6249 
    -61.7305    -148.4572 
    -66.6646     -97.1354 
    -62.3208    -122.7334 
    -64.7652    -154.6721 
    -61.6743     128.4556 
    -57.9604      60.5763 
    -58.0071      -7.6812 
    -60.1552     -64.6462 
    -57.6172    -132.8048 
    -57.7165     137.5222 
    -59.2282      28.9386 
    -60.9284     -58.2566 
    -59.6755    -153.4962 
    -62.5923     105.9519 
    -61.7046      17.5919 
    -64.1483    -114.7324 
    -63.1281     128.3139 
    -64.4558      24.7808 
    -63.5770     118.7679 
    -66.6472    -160.0875 
    -59.6935     -56.9356 
    -59.7615      49.9930 
    -60.4939     124.2977 
    -55.5839    -121.9138 
    -53.7411     -17.2310 
    -56.9567      57.0665 
    -54.8206     134.7766 
    -58.5469    -125.9394 
    -59.8048     -39.9560 
    -56.2010      37.8555 
    -59.4604     101.1199 
    -63.4451     146.2030 
    -68.1335     164.7103 
    -64.7313      98.2718 
    -61.1626     121.4183 
    -60.4951     127.7011 
    -58.5914     143.1933 
    -57.3527     114.1545 
    -60.3202      65.1034 
    -60.5020      61.0627 
    -61.5623      -1.5433 
    -62.7364     -73.8529 
    -63.4208     144.1953 
    -63.2246      65.6411 
    -60.9850       3.1109 
    -59.0870     -76.1743 
    -59.3523    -174.9470 
    -61.9283      90.1900 
    -61.9697     -18.5163 
    -64.6609    -117.7190 
    -62.5164     156.7629 
    -63.1514      63.3220 
    -65.5720     -53.5108 
    -68.6523      18.7810 
    -63.3412      37.8685 
    -59.8912    -153.2387 
    -62.2910     -66.5485 
    -57.0358      30.8674 
    -55.4631     135.8998 
    -55.0300    -138.3547 
    -55.0774     -70.4742 
    -54.7906      25.0505 
    -60.3772     107.3646 
    -63.7023    -179.1971 
    -59.1388     -85.2376 
    -62.1277     -26.9586 
    -64.6562      16.0932 
    -63.9387      56.7817 
    -64.3962      24.0835 
    -64.0556      28.1722 
    -60.2180      13.6032 
    -62.4221      25.2793 
    -56.6099      15.6174 
    -57.0819     -44.5240 
    -71.1670     -86.4255 
    -69.5991     -56.5204 
    -70.7689     -26.6046 
    -65.2625      -2.2834 
    -60.9892     -76.3533 
    -62.7170    -152.9490 
    -63.2569     121.6640 
    -60.0868      45.0525 
    -57.3594     -49.2516 
    -59.0846    -144.5353 
    -60.0550     123.4800 
    -63.0736      46.3212 
    -64.9686     -40.1462 
    -66.6935    -152.5541 
    -66.0018    -108.1102 
    -60.6846     -47.2285 
    -60.8995      88.7326 
    -61.2221     158.9848 
    -57.4145     -79.0407 
    -55.8714      22.9901 
    -56.3772     100.0778 
    -55.5145     169.4063 
    -58.3402    -105.4077 
    -59.9336     -64.9728 
    -64.5937      17.9126 
    -69.7515    -175.9625 
    -73.5564     107.5207 
    -91.0847    -158.7318 
    -66.5181      32.3542 
    -66.2208     -42.5555 
    -75.9738    -117.8700 
    -65.5930     -78.6346 
    -66.0537    -144.4792 
    -68.1425    -112.9948 
    -60.3396    -162.8397 
    -60.6541     114.8021 
    -67.0073      24.6565 
    -62.6639     -19.2666 
    -64.2802     -89.0402 
    -62.4068    -177.2512 
    -61.5463      73.5465 
    -60.2056      -4.8293 
    -59.3709     -82.6333 
    -59.0945    -156.9212 
    -57.8713     107.5708 
    -58.6353      26.1492 
    -61.5452     -65.3991 
    -67.8995    -156.2403 
    -69.1344     138.5871 
    -76.1945    -177.2793 
    -60.4941    -164.2949 
    -63.7133     -26.3438 
    -60.9280      36.1415 
    -60.1182     169.9276 
    -59.5916     -87.3479 
    -56.7296     -32.4132 
    -55.1361      55.7075 
    -58.3353     108.6625 
    -57.2671    -178.7523 
    -61.9028    -127.9260 
    -66.4568     -78.2192 
    -61.7894       2.4916 
    -70.9128      74.6723 
    -71.0908      48.8059 
    -67.9278    -124.0981 
    -76.3473      36.7255 
    -70.2838     -21.0235 
    -63.6221      15.7696 
    -62.1065      -6.9920 
    -63.9332      19.8617 
    -57.4254     -20.8154 
    -58.0357     -81.3277 
    -63.0655    -112.6418 
    -64.7626    -178.3687 
    -75.0479      65.8784 
    -64.1606     -50.9298 
    -60.6862    -136.4388 
    -58.4920     150.9888 
    -57.8603      74.8112 
    -56.8603      -1.0711 
    -60.1163     -87.3799 
    -66.2987    -175.4193 
    -68.6321      52.5866 
    -75.9586    -104.2694 
    -65.8806     -29.2121 
    -59.1770      79.6064 
    -63.6239    -165.0074 
    -59.5275    -103.8520 
    -61.2870      22.7219 
    -61.0151     112.9431 
    -57.1720    -154.2189 
    -57.5381     -79.0694 
    -56.6561     -19.0239 
    -56.9038      53.3890 
    -61.5200     106.7986 
    -65.0229     152.7268 
    -65.4774     -74.5404 
    -74.0314     178.6767 
    -72.4353     131.7180 
    -62.6254     169.2826 
    -70.5393     171.1508 
    -59.6025    -131.2268 
    -62.5288    -109.0454 
    -58.6556    -122.5338 
    -61.4749    -141.0451 
    -57.8983    -133.1100 
    -56.6421     176.5126 
    -61.5234     120.7052 
    -64.0741     113.8004 
    -85.3167    -113.8192 
    -63.1181     163.0527 
    -59.1807      89.6121 
    -58.9965      22.4687 
    -59.5950     -38.5296 
    -61.1026    -114.9580 
    -62.4012     153.2931 
    -62.4604      23.2257 
    -64.0081     -63.1114 
    -63.7182     179.9963 
    -65.0463    -101.7195 
    -61.5197     -31.6701 
    -62.3032      68.5400 
    -58.7405     148.8162 
    -62.5941    -111.8488 
    -63.8967      -2.7616 
    -59.5541      72.0234 
    -58.6191     167.4218 
    -58.5326    -138.3669 
    -58.9557     -46.3772 
    -60.6873     -19.4246 
    -64.0780      30.3906 
    -71.9105      23.3755 
    -64.7922      67.2459 
    -63.0541      47.7702 
    -59.9841      68.8775 
    -59.5442      67.4811 
    -58.2911     115.4921 
    -58.2366      86.8433 
    -58.9555     105.9833 
    -58.9591      78.6859 
    -62.3136      79.1379 
    -58.2344      57.4812 
    -60.8275       2.0847 
    -70.2404      69.0270 
    -70.8715      18.2368 
    -66.6380      64.3299 
    -60.3272     -11.3288 
    -60.7528     -89.7765 
    -63.6888    -177.3176 
    -63.7411     103.4146 
    -64.8216       3.8166 
    -64.1537     -75.8162 
    -66.3508     164.1356 
    -65.7748      74.7451 
    -68.8961     151.3984 
    -60.7466    -166.1262 
    -60.9979     -67.0940 
    -60.3450       9.3200 
    -62.8509     101.0075 
    -65.7822     143.8440 
    -61.7649     -58.2229 
    -71.5658      50.1323 
    -61.3265      94.2313 
    -67.5712     146.2067 
    -62.6810    -167.5479 
    -65.0123    -124.1650 
    -66.8489     -65.2459 
    -62.5747     -37.4772 
    -60.0784     -48.9765 
    -60.7771     -25.4595 
    -59.9860     -28.0223 
    -63.2846      -2.9396 
    -58.0001     -16.1155 
    -64.5189     -38.2897 
    -61.3810     -47.7248 
    -63.4368     -80.2361 
    -64.6176     -64.7215 
    -64.4519    -114.8448 
    -65.1012      90.7813 
    -67.5810     -19.2152 
    -76.7524     -78.3319 
    -67.3969     -95.5780 
    -66.5782     153.1931 
    -66.6525      47.2697 
    -70.9575     -38.3994 
    -69.4400    -129.9560 
    -67.2561     121.5198 
    -63.4046      34.3062 
    -63.8392     -60.6351 
    -68.3989    -166.3906 
    -61.1365      74.3031 
    -67.5182    -163.9337 
    -59.8131    -118.7168 
    -65.7062     -29.7068 
    -60.9185      37.0697 
    -66.3002     173.8516 
    -68.7491     147.6517 
    -64.5806     -31.4455 
    -63.7567      56.9814 
    -61.2739      88.4917 
    -64.7676     140.5531 
    -69.0483     158.9243 
    -65.6951    -162.4514 
    -61.7581    -169.7709 
    -65.7224    -167.4052 
    -64.8567    -176.5556 
    -66.8847     154.1234 
    -66.4066    -166.4417 
    -58.9854     148.2256 
    -65.8152     117.5087 
    -66.4062     130.4314 
    -73.9528      38.0029 
    -76.7718      46.7622 
    -65.3031       5.0277 
    -64.5837    -108.3961 
    -71.3837     179.2607 
    -77.4094    -102.1949 
    -70.1870      66.3279 
    -74.0607     -99.0136 
    -70.8733     131.3365 
    -68.5036      29.1960 
    -68.0769      -0.0500 
    -63.8869     -66.3218 
    -64.3893    -158.3706 
    -59.7651     149.1537 
    -61.5532     -59.6591 
    -63.8862     -34.8860 
    -60.6049      95.8469 
    -62.7909     155.9855 
    -64.6768    -101.8479 
    -70.8213     -83.3538 
    -62.6991      23.4162 
    -72.7405     -70.2548 
    -68.8834      73.9966 
    -68.6603     -25.2410 
    -78.9256      -9.9392 
    -66.0170      12.8285 
    -66.4622      79.4034 
    -61.3966      77.2424 
    -64.3268      44.4041 
    -65.3198      57.5355 
    -61.7409      31.0731 
    -64.5449      26.7160 
    -60.9568      52.6158 
    -60.0543     -13.3650 
    -65.7942     -68.9346 
    -63.8546     -88.2216 
    -67.0125    -121.2450 
    -66.1981    -148.6823 
    -60.7787     155.5811 
    -65.2163      65.0136 
    -72.9771     -19.6583 
    -67.9940      46.4873 
    -77.8587     -52.9565 
    -65.7535      -5.2038 
    -63.5181     -80.2278 
    -68.2450     164.8346 
    -86.6521       4.7699 
    -74.1834      94.0827 
    -62.7341      69.4360 
    -68.5428    -169.3409 
    -61.9548    -134.6677 
    -61.0383     -22.3034 
    -62.9272      46.5825 
    -64.2628     113.6197 
    -63.9673    -165.3525 
    -63.8240     -71.5718 
    -69.7235     -74.8500 
    -66.8503      55.1137 
    -66.0899    -160.4245 
    -66.9834     175.3309 
    -65.0645     -85.5529 
    -73.0414     -82.7362 
    -66.2105     -21.2452 
    -65.1750     -74.5031 
    -71.5752    -111.3668 
    -71.6469     -67.1934 
    -74.1469    -134.2722 
    -72.0854     143.4626 
    -66.7376    -152.1399 
    -63.0982     144.5950 
    -67.2476     115.9409 
    -67.5146      81.2199 
    -68.4723      65.2682 
    -64.0623      59.9161 
    -62.2144     -18.6275 
    -70.0997     -67.0985 
    -71.6744     -33.4488 
    -65.1454    -125.4219 
    -81.6554    -128.2054 
    -69.1776     169.0484 
    -63.8551      51.3846 
    -64.6118     -63.6188 
    -71.5100     163.6143 
